Applications Graphics Acceleration Info:
Uptime: 718888 Realtime: 718888

** Graphics info for pid 10646 [com.ggufchat.app] **

Stats since: 666198494049ns
Total frames rendered: 233
Janky frames: 223 (95.71%)
Janky frames (legacy): 80 (34.33%)
50th percentile: 17ms
90th percentile: 48ms
95th percentile: 48ms
99th percentile: 53ms
Number Missed Vsync: 16
Number High input latency: 5
Number Slow UI thread: 10
Number Slow bitmap uploads: 2
Number Slow issue draw commands: 219
Number Frame deadline missed: 223
Number Frame deadline missed (legacy): 78
HISTOGRAM: 5ms=0 6ms=0 7ms=1 8ms=0 9ms=0 10ms=0 11ms=1 12ms=0 13ms=1 14ms=1 15ms=3 16ms=65 17ms=48 18ms=15 19ms=6 20ms=4 21ms=3 22ms=0 23ms=3 24ms=2 25ms=0 26ms=3 27ms=1 28ms=1 29ms=0 30ms=3 31ms=0 32ms=25 34ms=12 36ms=2 38ms=3 40ms=3 42ms=0 44ms=1 46ms=2 48ms=21 53ms=3 57ms=0 61ms=0 65ms=0 69ms=0 73ms=0 77ms=0 81ms=0 85ms=0 89ms=0 93ms=0 97ms=0 101ms=0 105ms=0 109ms=0 113ms=0 117ms=0 121ms=0 125ms=0 129ms=0 133ms=0 150ms=0 200ms=0 250ms=0 300ms=0 350ms=0 400ms=0 450ms=0 500ms=0 550ms=0 600ms=0 650ms=0 700ms=0 750ms=0 800ms=0 850ms=0 900ms=0 950ms=0 1000ms=0 1050ms=0 1100ms=0 1150ms=0 1200ms=0 1250ms=0 1300ms=0 1350ms=0 1400ms=0 1450ms=0 1500ms=0 1550ms=0 1600ms=0 1650ms=0 1700ms=0 1750ms=0 1800ms=0 1850ms=0 1900ms=0 1950ms=0 2000ms=0 2050ms=0 2100ms=0 2150ms=0 2200ms=0 2250ms=0 2300ms=0 2350ms=0 2400ms=0 2450ms=0 2500ms=0 2550ms=0 2600ms=0 2650ms=0 2700ms=0 2750ms=0 2800ms=0 2850ms=0 2900ms=0 2950ms=0 3000ms=0 3050ms=0 3100ms=0 3150ms=0 3200ms=0 3250ms=0 3300ms=0 3350ms=0 3400ms=0 3450ms=0 3500ms=0 3550ms=0 3600ms=0 3650ms=0 3700ms=0 3750ms=0 3800ms=0 3850ms=0 3900ms=0 3950ms=0 4000ms=0 4050ms=0 4100ms=0 4150ms=0 4200ms=0 4250ms=0 4300ms=0 4350ms=0 4400ms=0 4450ms=0 4500ms=0 4550ms=0 4600ms=0 4650ms=0 4700ms=0 4750ms=0 4800ms=0 4850ms=0 4900ms=0 4950ms=0
50th gpu percentile: 16ms
90th gpu percentile: 4950ms
95th gpu percentile: 4950ms
99th gpu percentile: 4950ms
GPU HISTOGRAM: 1ms=0 2ms=0 3ms=0 4ms=0 5ms=0 6ms=0 7ms=1 8ms=2 9ms=1 10ms=2 11ms=9 12ms=4 13ms=11 14ms=31 15ms=42 16ms=43 17ms=14 18ms=8 19ms=0 20ms=4 21ms=2 22ms=6 23ms=3 24ms=3 25ms=2 4950ms=45

Pipeline=Skia (OpenGL)
Memory policy:
  Max surface area: 2073600
  Max resource usage: 99.53MB (x48)
  Background retention: 50% (altUiHidden = true)
  GPU Context timeout: 10
Contexts: 2 (stopped = 1)
CPU Caches:
  Glyph Cache: 68.00 KB (1 entry)
  Glyph Count: 22 
Total CPU memory usage:
  69631 bytes, 68.00 KB (0.00 bytes is purgeable)
GPU Caches:
  Other:
    Other: 13.67 KB (1 entry)
    Buffer Object: 464.00 bytes (2 entries)
    StencilAttachment: 36.00 KB (3 entries)
  Scratch:
    RenderTarget: 36.00 KB (2 entries)
    Texture: 2.00 MB (2 entries)
    Buffer Object: 144.00 KB (4 entries)
Total GPU memory usage:
  2332928 bytes, 2.22 MB (136.45 KB is purgeable)

GraphicBufferAllocator buffers:
        Handle |        Size |     W (Stride) x H | Layers |   Format |      Usage | Requestor
0x7c3638732da0 |     unknown |  720 (   0) x 1280 |      1 |        1 | 0x     b00 | VRI[ChatActivity]#1(BLAST Consumer)1
0x7c3638733a00 |     unknown |  720 (   0) x 1280 |      1 |        1 | 0x     b00 | VRI[ChatActivity]#1(BLAST Consumer)1
0x7c3638738c20 |     unknown |  720 (   0) x 1280 |      1 |        1 | 0x     b00 | VRI[ChatActivity]#1(BLAST Consumer)1
Total allocated by GraphicBufferAllocator (estimate): 0.00 KB
GoldfishAllocator::dumpDebugInfo is not implemented
Profile data in ms:

	com.ggufchat.app/com.ggufchat.app.MainActivity/android.view.ViewRootImpl@75ca09d (visibility=8)
Window: com.ggufchat.app/com.ggufchat.app.MainActivity
Stats since: 666198186456ns
Total frames rendered: 0
Janky frames: 0 (0.00%)
Janky frames (legacy): 0 (0.00%)
50th percentile: 4950ms
90th percentile: 4950ms
95th percentile: 4950ms
99th percentile: 4950ms
Number Missed Vsync: 0
Number High input latency: 0
Number Slow UI thread: 0
Number Slow bitmap uploads: 0
Number Slow issue draw commands: 0
Number Frame deadline missed: 0
Number Frame deadline missed (legacy): 0
HISTOGRAM: 5ms=0 6ms=0 7ms=0 8ms=0 9ms=0 10ms=0 11ms=0 12ms=0 13ms=0 14ms=0 15ms=0 16ms=0 17ms=0 18ms=0 19ms=0 20ms=0 21ms=0 22ms=0 23ms=0 24ms=0 25ms=0 26ms=0 27ms=0 28ms=0 29ms=0 30ms=0 31ms=0 32ms=0 34ms=0 36ms=0 38ms=0 40ms=0 42ms=0 44ms=0 46ms=0 48ms=0 53ms=0 57ms=0 61ms=0 65ms=0 69ms=0 73ms=0 77ms=0 81ms=0 85ms=0 89ms=0 93ms=0 97ms=0 101ms=0 105ms=0 109ms=0 113ms=0 117ms=0 121ms=0 125ms=0 129ms=0 133ms=0 150ms=0 200ms=0 250ms=0 300ms=0 350ms=0 400ms=0 450ms=0 500ms=0 550ms=0 600ms=0 650ms=0 700ms=0 750ms=0 800ms=0 850ms=0 900ms=0 950ms=0 1000ms=0 1050ms=0 1100ms=0 1150ms=0 1200ms=0 1250ms=0 1300ms=0 1350ms=0 1400ms=0 1450ms=0 1500ms=0 1550ms=0 1600ms=0 1650ms=0 1700ms=0 1750ms=0 1800ms=0 1850ms=0 1900ms=0 1950ms=0 2000ms=0 2050ms=0 2100ms=0 2150ms=0 2200ms=0 2250ms=0 2300ms=0 2350ms=0 2400ms=0 2450ms=0 2500ms=0 2550ms=0 2600ms=0 2650ms=0 2700ms=0 2750ms=0 2800ms=0 2850ms=0 2900ms=0 2950ms=0 3000ms=0 3050ms=0 3100ms=0 3150ms=0 3200ms=0 3250ms=0 3300ms=0 3350ms=0 3400ms=0 3450ms=0 3500ms=0 3550ms=0 3600ms=0 3650ms=0 3700ms=0 3750ms=0 3800ms=0 3850ms=0 3900ms=0 3950ms=0 4000ms=0 4050ms=0 4100ms=0 4150ms=0 4200ms=0 4250ms=0 4300ms=0 4350ms=0 4400ms=0 4450ms=0 4500ms=0 4550ms=0 4600ms=0 4650ms=0 4700ms=0 4750ms=0 4800ms=0 4850ms=0 4900ms=0 4950ms=0
50th gpu percentile: 4950ms
90th gpu percentile: 4950ms
95th gpu percentile: 4950ms
99th gpu percentile: 4950ms
GPU HISTOGRAM: 1ms=0 2ms=0 3ms=0 4ms=0 5ms=0 6ms=0 7ms=0 8ms=0 9ms=0 10ms=0 11ms=0 12ms=0 13ms=0 14ms=0 15ms=0 16ms=0 17ms=0 18ms=0 19ms=0 20ms=0 21ms=0 22ms=0 23ms=0 24ms=0 25ms=0 4950ms=0



---PROFILEDATA---
Flags,FrameTimelineVsyncId,IntendedVsync,Vsync,InputEventId,HandleInputStart,AnimationStart,PerformTraversalsStart,DrawStart,FrameDeadline,FrameInterval,FrameStartTime,SyncQueued,SyncStart,IssueDrawCommandsStart,SwapBuffers,FrameCompleted,DequeueBufferDuration,QueueBufferDuration,GpuCompleted,SwapBuffersCompleted,DisplayPresentTime,CommandSubmissionCompleted,
---PROFILEDATA---


	com.ggufchat.app/com.ggufchat.app.ChatActivity/android.view.ViewRootImpl@1ce6912 (visibility=0)
Window: com.ggufchat.app/com.ggufchat.app.ChatActivity
Stats since: 666198493839ns
Total frames rendered: 233
Janky frames: 223 (95.71%)
Janky frames (legacy): 80 (34.33%)
50th percentile: 17ms
90th percentile: 48ms
95th percentile: 48ms
99th percentile: 53ms
Number Missed Vsync: 16
Number High input latency: 5
Number Slow UI thread: 10
Number Slow bitmap uploads: 2
Number Slow issue draw commands: 219
Number Frame deadline missed: 223
Number Frame deadline missed (legacy): 78
HISTOGRAM: 5ms=0 6ms=0 7ms=1 8ms=0 9ms=0 10ms=0 11ms=1 12ms=0 13ms=1 14ms=1 15ms=3 16ms=65 17ms=48 18ms=15 19ms=6 20ms=4 21ms=3 22ms=0 23ms=3 24ms=2 25ms=0 26ms=3 27ms=1 28ms=1 29ms=0 30ms=3 31ms=0 32ms=25 34ms=12 36ms=2 38ms=3 40ms=3 42ms=0 44ms=1 46ms=2 48ms=21 53ms=3 57ms=0 61ms=0 65ms=0 69ms=0 73ms=0 77ms=0 81ms=0 85ms=0 89ms=0 93ms=0 97ms=0 101ms=0 105ms=0 109ms=0 113ms=0 117ms=0 121ms=0 125ms=0 129ms=0 133ms=0 150ms=0 200ms=0 250ms=0 300ms=0 350ms=0 400ms=0 450ms=0 500ms=0 550ms=0 600ms=0 650ms=0 700ms=0 750ms=0 800ms=0 850ms=0 900ms=0 950ms=0 1000ms=0 1050ms=0 1100ms=0 1150ms=0 1200ms=0 1250ms=0 1300ms=0 1350ms=0 1400ms=0 1450ms=0 1500ms=0 1550ms=0 1600ms=0 1650ms=0 1700ms=0 1750ms=0 1800ms=0 1850ms=0 1900ms=0 1950ms=0 2000ms=0 2050ms=0 2100ms=0 2150ms=0 2200ms=0 2250ms=0 2300ms=0 2350ms=0 2400ms=0 2450ms=0 2500ms=0 2550ms=0 2600ms=0 2650ms=0 2700ms=0 2750ms=0 2800ms=0 2850ms=0 2900ms=0 2950ms=0 3000ms=0 3050ms=0 3100ms=0 3150ms=0 3200ms=0 3250ms=0 3300ms=0 3350ms=0 3400ms=0 3450ms=0 3500ms=0 3550ms=0 3600ms=0 3650ms=0 3700ms=0 3750ms=0 3800ms=0 3850ms=0 3900ms=0 3950ms=0 4000ms=0 4050ms=0 4100ms=0 4150ms=0 4200ms=0 4250ms=0 4300ms=0 4350ms=0 4400ms=0 4450ms=0 4500ms=0 4550ms=0 4600ms=0 4650ms=0 4700ms=0 4750ms=0 4800ms=0 4850ms=0 4900ms=0 4950ms=0
50th gpu percentile: 16ms
90th gpu percentile: 4950ms
95th gpu percentile: 4950ms
99th gpu percentile: 4950ms
GPU HISTOGRAM: 1ms=0 2ms=0 3ms=0 4ms=0 5ms=0 6ms=0 7ms=1 8ms=2 9ms=1 10ms=2 11ms=9 12ms=4 13ms=11 14ms=31 15ms=42 16ms=43 17ms=14 18ms=8 19ms=0 20ms=4 21ms=2 22ms=6 23ms=3 24ms=3 25ms=2 4950ms=45



---PROFILEDATA---
Flags,FrameTimelineVsyncId,IntendedVsync,Vsync,InputEventId,HandleInputStart,AnimationStart,PerformTraversalsStart,DrawStart,FrameDeadline,FrameInterval,FrameStartTime,SyncQueued,SyncStart,IssueDrawCommandsStart,SwapBuffers,FrameCompleted,DequeueBufferDuration,QueueBufferDuration,GpuCompleted,SwapBuffersCompleted,DisplayPresentTime,CommandSubmissionCompleted,
0,56381,696876608894,696893275560,0,696901120700,696901121883,696901122083,696901215727,696909942226,696901117164,16666666,696901370616,696901397647,696901504446,696908920268,696926814207,3015,281564,696926814207,696912308092,0,696908920268,
0,56419,697176608882,697176608882,0,697176809119,697176810140,697176810321,697176904216,697193275548,697176805793,16666666,697177863834,697177889281,697177949293,697180386916,697198332448,3927,252500,697193952618,697198332448,0,697180386916,
0,56427,697193275548,697193275548,0,697193820148,697193820690,697193825999,697193894116,697226608880,697193817373,16666666,697194053474,697198365980,697198412908,697214207043,697243523172,2765,235568,697243523172,697230534194,0,697214207043,
0,56450,697493275536,697493275536,0,697493723113,697493723924,697493738291,697493837425,697509942202,697493719506,16666666,697495040318,697495192170,697495282438,697497446081,697514049204,2725,314055,697514049204,697508894066,0,697497446081,
0,56473,697676608862,697676608862,0,697676914171,697676914652,697676914842,697677025358,697693275528,697676911496,16666666,697677172282,697677194073,697677274402,697681364715,697693481347,2565,322531,697693481347,697688741573,0,697681364715,
0,56496,697793275524,697793275524,0,697793454942,697793455503,697793460282,697793525032,697809942190,697793452999,16666666,697794017199,697798399525,697798447795,697799735615,697812372411,2374,173975,697812372411,697808998087,0,697799735615,
0,56519,698076608846,698076608846,0,698076950042,698076950833,698076956985,698077034049,698093275512,698076947227,16666666,698077249099,698077274968,698077324039,698078557961,698093531306,2805,468673,698093531306,698088365339,0,698078557961,
0,56542,698176608842,698176608842,0,698178395724,698178396204,698178396395,698178468079,698193275508,698178393600,16666666,698178596238,698178611716,698178652211,698186901686,698212023515,3918,398372,698212023515,698196590224,0,698186901686,
0,56565,698409942166,698409942166,0,698410422417,698410422829,698410428068,698410680198,698426608832,698410420073,16666666,698410845486,698410866055,698410925405,698412285420,698427439121,2614,445581,698427439121,698420501011,0,698412285420,
0,56588,698676608822,698676608822,0,698676916438,698676917059,698676917511,698676993262,698693275488,698676912771,16666666,698677152488,698677173858,698677255640,698679321320,698695462910,3076,394264,698695462910,698688393568,0,698679321320,
0,56596,698693275488,698709942154,0,698714356552,698714357544,698714371149,698714459213,698726608820,698714353235,16666666,698714667451,698715048852,698715138909,698716392055,698727468246,3036,187439,698727468246,698723785574,0,698716392055,
0,56634,699009942142,699009942142,0,699010150325,699010150665,699010159571,699010276730,699026608808,699010147629,16666666,699010439744,699010463709,699010508041,699012586364,699026869593,2956,373927,699026869593,699025719570,0,699012586364,
0,56657,699193275468,699193275468,0,699193468568,699193468858,699193469069,699193547745,699209942134,699193466925,16666666,699193677888,699193696583,699193737690,699195264184,699210336734,3767,260415,699210336734,699207477586,0,699195264184,
0,56665,699326608796,699326608796,0,699326859306,699326859938,699326871349,699326947110,699343275462,699326856522,16666666,699327129190,699327153134,699327238623,699328883188,699343468721,2725,324284,699343468721,699340350961,0,699328883188,
0,56703,699626608784,699626608784,0,699626811680,699626812111,699626817270,699626941211,699643275450,699626809225,16666666,699627267710,699627287837,699627356064,699628482714,699644387834,2805,271836,699644387834,699637725530,0,699628482714,
0,56711,699643275450,699643275450,0,699644468630,699644468860,699644469010,699644516529,699676608782,699644467247,16666666,699644580027,699660621219,699660733258,699661864958,699676799003,2776,129532,699676799003,699670521270,0,699661864958,
0,56719,699693275448,699693275448,0,699693452870,699693453471,699693453652,699693540473,699709942114,699693449283,16666666,699693745155,699693768719,699693821417,699696544883,699710096305,3076,184864,699710096305,699705044142,0,699696544883,
0,56757,699959942104,699959942104,0,699960942821,699960942981,699961083443,699961144407,699976608770,699960941739,16666666,699961309344,699961335493,699961378834,699982753457,700010090967,2805,223397,700010090967,699994725328,0,699982753457,
0,56780,700193275428,700193275428,0,700193424641,700193425232,700193425423,700193502927,700209942094,700193421926,16666666,700193644772,700193664729,700193707969,700209791514,700226796844,3787,161631,700226796844,700218657026,0,700209791514,
0,56788,700259942092,700259942092,0,700260330441,700260330872,700260337405,700260401514,700276608758,700260327657,16666666,700260556563,700260598932,700260643876,700261647516,700276792872,3617,442604,700276792872,700271573325,0,700261647516,
0,56826,700559942080,700559942080,0,700560730151,700560730552,700560735030,700560795062,700576608746,700560728719,16666666,700560982001,700561752757,700561802149,700582127316,700611252303,3327,226573,700611252303,700596154027,0,700582127316,
0,56834,700693275408,700693275408,0,700693655478,700693656099,700693656239,700693726851,700709942074,700693652933,16666666,700693850993,700693900064,700693964744,700695588681,700709839413,2925,1626441,700709746720,700709839413,0,700695588681,
0,56857,700876608734,700876608734,0,700877337561,700877338182,700877343362,700877412551,700893275400,700877334075,16666666,700877563943,700877587928,700877637300,700881016768,700893464837,3537,325977,700893464837,700888517798,0,700881016768,
0,56895,701159942056,701159942056,0,701160245547,701160245708,701160250717,701160335855,701176608722,701160244105,16666666,701160437375,701160497818,701160539585,701186101707,701206817484,2194,128379,701206817484,701194785659,0,701186101707,
0,56902,701193275388,701193275388,0,701194402176,701194402567,701194402747,701194477517,701209942054,701194399801,16666666,701194607739,701194808411,701194867742,701196822898,679111685847,38749740,719751,679111685847,701245709399,0,701196822898,
0,56926,701493275376,701493275376,0,701493485021,701493485924,701493491284,701493556535,701509942042,701493482567,16666666,701493879167,701493904383,701493948987,701495635169,701513150529,3005,231552,701513150529,701504876562,0,701495635169,
0,56949,701693275368,701693275368,0,701693483801,701693484452,701693484643,701693569882,701709942034,701693480765,16666666,701693726062,701693751981,701693802235,701696544666,701727422210,2153,273219,701727422210,701711483156,0,701696544666,
0,56972,701809942030,701809942030,0,701810129781,701810130423,701810137867,701810247080,701826608696,701810126826,16666666,701810403591,701810426233,701810484462,701811494913,701827286035,2134,203009,701827286035,701822614497,0,701811494913,
0,56995,702076608686,702076608686,0,702076848987,702076849648,702076855569,702076926371,702093275352,702076845901,16666666,702077080077,702077132677,702077223427,702078235382,702093792358,2345,155219,702093792358,702088340105,0,702078235382,
0,57018,702193275348,702193275348,0,702193440658,702193441248,702193441429,702193519124,702209942014,702193437652,16666666,702193651270,702193669905,702193713286,702196967769,702210809387,2214,211054,702210809387,702208607321,0,702196967769,
0,57041,702409942006,702409942006,0,702410136566,702410136896,702410141605,702410236893,702426608672,702410134883,16666666,702410380821,702410400828,702410452264,702411909390,702427252865,3316,208008,702427252865,702419159814,0,702411909390,
0,57064,702693275328,702693275328,0,702694173147,702694173658,702694181062,702694290095,702709941994,702694169951,16666666,702694452528,702694501910,702694553676,702695536749,702710577913,5581,146733,702710577913,702705435256,0,702695536749,
0,57072,702709941994,702709941994,0,702711037539,702711038030,702711038200,702711110836,702743275326,702711035175,16666666,702711298826,702711343849,702711385838,702735208013,702760323342,2735,179324,702760323342,702745148228,0,702735208013,
0,57109,703009941982,703009941982,0,703010115350,703010115831,703010120560,703010221769,703026608648,703010112585,16666666,703010369895,703010387978,703010429285,703012198753,703027274048,3828,362365,703027274048,703023830180,0,703012198753,
0,57132,703209941974,703209941974,0,703210328071,703210328462,703210328632,703210416075,703226608640,703210326348,16666666,703210579479,703210604176,703210649260,703212283295,703231577974,2725,539656,703231577974,703225936059,0,703212283295,
0,57140,703293275304,703293275304,0,703293751806,703293752337,703293759911,703293831795,703309941970,703293749191,16666666,703293991343,703294014235,703294071502,703295561390,703328463339,2906,294959,703328463339,703310680407,0,703295561390,
0,57178,703576608626,703576608626,0,703576884164,703576884305,703576888482,703576942663,703593275292,703576883393,16666666,703577109504,703577127868,703577209771,703601545645,703611827074,2475,248364,703611827074,703610057899,0,703601545645,
0,57186,703709941954,703709941954,0,703710188427,703710188959,703710189139,703710265161,703726608620,703710185822,16666666,703710388892,703710407355,703710444094,703711216674,703727175097,3668,249425,703727175097,703720732117,0,703711216674,
0,57209,703893275280,703893275280,0,703893468894,703893469325,703893473133,703893528386,703909941946,703893466580,16666666,703893663266,703893678756,703893719041,703895353896,703911454995,2765,143768,703911454995,703904136108,0,703895353896,
0,57247,704209941934,704209941934,0,704210165855,704210166335,704210166525,704210241585,704226608600,704210132121,16666666,704210385043,704210507309,704210574423,704215899961,704229277261,5681,121165,704229277261,704223168477,0,704215899961,
0,57255,704226608600,704226608600,0,704229559365,704229559916,704229571097,704229702863,704259941932,704229556510,16666666,704229890513,704229913345,704229994717,704248854675,704263972430,2745,215062,704263972430,704259564746,0,704248854675,
0,57278,704509941922,704509941922,0,704510131214,704510161721,704510167402,704510241641,704526608588,704510128149,16666666,704510406999,704510428990,704510486927,704512991956,704526766132,2965,389857,704526766132,704523416309,0,704512991956,
0,57301,704709941914,704709941914,0,704710110147,704710110698,704710110869,704710209873,704726608580,704710106330,16666666,704710358390,704710382364,704710429412,704712332301,704726767120,3517,283378,704726767120,704721091666,0,704712332301,
0,57324,704826608576,704826608576,0,704826809296,704826809677,704826814466,704826878555,704843275242,704826806511,16666666,704827017113,704827085752,704827178093,704831257008,704844576218,2665,291884,704844576218,704839014235,0,704831257008,
0,57347,705109941898,705109941898,0,705110486646,705110487127,705110491836,705110556085,705126608564,705110483790,16666666,705110738836,705110760146,705110816671,705114248727,705143451772,2635,127186,705143451772,705125763287,0,705114248727,
0,57370,705209941894,705209941894,0,705210255364,705210255785,705210255976,705210339661,705226608560,705210253301,16666666,705210467460,705210486726,705210522061,705213302541,705243462445,2755,222194,705243462445,705228671975,0,705213302541,
0,57393,705443275218,705443275218,0,705443453733,705443454093,705443459053,705443525076,705459941884,705443451799,16666666,705443663093,705443738904,705443792494,705446089825,705460255202,2635,340545,705460255202,705454977396,0,705446089825,
0,57416,705709941874,705709941874,0,705711018794,705711019485,705711019655,705711110164,705726608540,705711015087,16666666,705711305397,705711331637,705711379366,705712842112,705736335283,2685,6646946,705736242440,705736335283,0,705712842112,
0,57423,705726608540,705726608540,0,705726871999,705726872350,705726877870,705726935838,705759941872,705726869724,16666666,705727051263,705736362143,705736421374,705738078302,705776747721,1744,160700,705776747721,705774460756,0,705738078302,
0,57461,706043275194,706043275194,0,706043463683,706043464163,706043469313,706043541287,706059941860,706043460807,16666666,706043699462,706043721844,706043769642,706046558600,706062473037,2585,448115,706062473037,706058437168,0,706046558600,
0,57484,706209941854,706209941854,0,706210093278,706210093589,706210093779,706210209515,706226608520,706210091816,16666666,706210341981,706210362650,706210406272,706212539002,706226789832,3396,326438,706226789832,706223856856,0,706212539002,
0,57492,706343275182,706343275182,0,706343587475,706343588397,706343602764,706343695677,706359941848,706343584379,16666666,706343908473,706343936185,706343998461,706349324891,706360292268,2395,137456,706360292268,706356914425,0,706349324891,
0,57530,706643275170,706643275170,0,706643542733,706643543164,706643548504,706643722980,706659941836,706643540520,16666666,706643975120,706643991871,706644116513,706645320927,706661971587,2805,235109,706661971587,706657940656,0,706645320927,
0,57538,706659941836,706659941836,0,706660636020,706660636641,706660636821,706660689951,706693275168,706660634127,16666666,706660749882,706660766423,706660794235,706693093019,706710140523,2404,205452,706710140523,706694915588,0,706693093019,
0,57546,706709941834,706726608500,0,706728243486,706728244117,706728244268,706728315080,706743275166,706728240421,16666666,706728455231,706729788938,706729826919,706735394288,706761132761,2916,147155,706761132761,706747150888,0,706735394288,
0,57584,706976608490,706976608490,0,706988369588,706988370209,706988380258,706988460758,706993275156,706988367284,16666666,706988704512,706988851596,706988969937,707006415480,707026767632,3036,226202,707026767632,707017586589,0,707006415480,
0,57607,707209941814,707209941814,0,707210143692,707210143963,707210144133,707210218271,707226608480,707210142120,16666666,707210348895,707210414557,707210516017,707212505494,707227196002,2806,171951,707227196002,707224910033,0,707212505494,
0,57615,707293275144,707293275144,0,707293504958,707293505470,707293513965,707293581231,707309941810,707293502103,16666666,707293734546,707293753893,707293798005,707295075926,707310142982,3076,1545530,707310142982,707309006168,0,707295075926,
0,57645,707559941800,707559941800,0,707560585840,707560586451,707560591551,707560670879,707576608466,707560583005,16666666,707560843641,707561072367,707564076375,707567738451,707601814709,1824,172181,707601814709,707582309887,0,707567738451,
0,57661,707709941794,707709941794,0,707710472199,707710472890,707710473081,707710583347,707726608460,707710469123,16666666,707710739598,707710761929,707710812123,707713006572,707743607423,2585,2486141,707743607423,707729163033,0,707713006572,
0,57684,707893275120,707893275120,0,707893462513,707893463355,707893468575,707893533696,707909941786,707893459859,16666666,707893689667,707893710856,707893754889,707903017163,707910715459,2334,135413,707910715459,707908484291,0,707903017163,
0,57722,708176608442,708193275108,0,708201532350,708201532861,708201541727,708202219711,708193275108,708201529755,16666666,708202404716,708202698413,708202757874,708204818645,708226883504,2655,145761,708226883504,708214375393,0,708204818645,
0,57729,708209941774,708209941774,0,708210147015,708210147296,708210147485,708210180447,708259941772,708210146283,16666666,708210252672,708214396963,708214449170,708216306000,708251897692,5943347,3601953,708245881209,708251897692,0,708216306000,
0,57753,708493275096,708493275096,0,708493522301,708493522812,708493527791,708493597591,708509941762,708493519546,16666666,708493770523,708493793967,708493843670,708495398370,708510191810,2615,132066,708510191810,708503906086,0,708495398370,
0,57776,708726608420,708726608420,0,708726815353,708726815934,708726816124,708726892777,708743275086,708726812678,16666666,708727033149,708727135950,708727182497,708731257071,708748100665,3427,281585,708747978687,708748100665,0,708731257071,
0,57798,708793275084,708793275084,0,708794298730,708794299021,708794303539,708794933673,708809941750,708794297418,16666666,708795158162,708795176957,708795219155,708796726124,708810566077,2154,198289,708810566077,708804485224,0,708796726124,
0,57821,709093275072,709093275072,0,709093539988,709093540399,709093546149,709093612213,709109941738,709093537433,16666666,709093765569,709093784614,709093834537,709097868866,709126799473,2664,249465,709126799473,709110669530,0,709097868866,
0,57844,709226608400,709226608400,0,709226836890,709226837591,709226837791,709226920515,709243275066,709226834234,16666666,709227097565,709227122913,709227169139,709231390356,709246873842,2734,244146,709246873842,709243370593,0,709231390356,
0,57867,709409941726,709409941726,0,709410185953,709410186734,709410191863,709410265912,709426608392,709410183408,16666666,709410438593,709410460013,709410509836,709413374805,709427013884,2605,240668,709427013884,709422955901,0,709413374805,
0,57890,709693275048,709693275048,0,709693485393,709693486094,709693491674,709693564640,709709941714,709693482187,16666666,709693742843,709693770504,709693819305,709695038637,709710172088,3206,300861,709710172088,709708841752,0,709695038637,
0,57898,709726608380,709726608380,0,709728814164,709728814565,709728814745,709728962721,709743275046,709728811640,16666666,709729135844,709729156051,709729320308,709732165470,709742882793,2235,293187,709742827641,709742882793,0,709732165470,
0,57936,710026608368,710026608368,0,710027501835,710027502396,710027507636,710027610628,710043275034,710027499812,16666666,710027824818,710027844294,710027888155,710028836793,710043468545,3006,193190,710043468545,710038567470,0,710028836793,
0,57944,710043275034,710043275034,0,710043635485,710043635836,710043636036,710043701419,710076608366,710043633261,16666666,710043773502,710043790424,710043824107,710068439903,710081786136,2374,152404,710081725583,710081786136,0,710068439903,
0,57967,710226608360,710226608360,0,710227223682,710227223962,710227224163,710227296968,710243275026,710227222159,16666666,710227411562,710227469873,710227533651,710230926965,710244945620,2985,468704,710244945620,710239363789,0,710230926965,
0,57975,710359941688,710359941688,0,710360350128,710360350739,710360355959,710360422152,710376608354,710360347323,16666666,710361630554,710361653807,710361701015,710365894762,710378131787,2354,132618,710378131787,710373094149,0,710365894762,
0,58013,710659941676,710659941676,0,710660172078,710660172629,710660178880,710660252157,710676608342,710660169123,16666666,710660395615,710660416403,710660534965,710666341354,710693780123,1984,242492,710693780123,710677881676,0,710666341354,
0,58021,710726608340,710726608340,0,710726802666,710726803247,710726803437,710726880401,710743275006,710726799500,16666666,710727020021,710727074703,710727129826,710729254094,710760455554,2725,171629,710760455554,710746570988,0,710729254094,
0,58044,710976608330,710976608330,0,710976923008,710976923610,710976930703,710977007736,710993274996,710976919933,16666666,710977190958,710977214582,710977267059,710981851644,711010160512,2825,302573,711010160512,711000605064,0,710981851644,
0,58081,711243274986,711243274986,0,711245193026,711245193537,711245193677,711245262185,711259941652,711245190541,16666666,711245401154,711245421512,711245462118,711246324124,711260861971,3436,801053,711260861971,711258478764,0,711246324124,
0,58089,711259941652,711259941652,0,711260331101,711260331522,711260337433,711260915230,711293274984,711260329559,16666666,711261019945,711277726004,711277768053,711279436472,711293437828,2655,254304,711293437828,711288573593,0,711279436472,
0,58112,711559941640,711559941640,0,711560175513,711560176104,711560181385,711560249000,711576608306,711560172517,16666666,711560390875,711560413477,711560463009,711561839893,711578611412,2775,253983,711578611412,711571439232,0,711561839893,
0,58135,711743274966,711743274966,0,711743491482,711743492022,711743492203,711743570278,711759941632,711743488556,16666666,711743720138,711743762797,711743798594,711750278761,711761001372,4819,1415148,711761001372,711756935006,0,711750278761,
0,58158,711893274960,711893274960,0,711893493209,711893493749,711893501934,711893581363,711909941626,711893489081,16666666,711893745468,711893767950,711893829655,711895189891,711910437442,2003,314226,711910437442,711904813301,0,711895189891,
0,58181,712176608282,712176608282,0,712180742004,712180742775,712180757202,712180844464,712193274948,712180739178,16666666,712181067710,712181096885,712181153090,712182608252,712210182990,2595,133488,712210182990,712193816781,0,712182608252,
0,58203,712243274946,712243274946,0,712244861531,712244861822,712244862002,712244930951,712259941612,712244859518,16666666,712245097160,712245192588,712245275122,712246797252,712260391084,1973,177370,712260391084,712255411566,0,712246797252,
0,58226,712493274936,712493274936,0,712493466169,712493466630,712493473674,712493542782,712509941602,712493464195,16666666,712493747573,712493769825,712493824797,712495847080,712510193102,3817,797156,712510193102,712506813885,0,712495847080,
0,58264,712743274926,712743274926,0,712758783304,712758783965,712758784135,712758848234,712759941592,712758780819,16666666,712758972666,712759072994,712760541874,712761943997,712778663993,2434,104695,712778663993,712774942562,0,712761943997,
0,58272,712776608258,712776608258,0,712777823717,712777824057,712777830148,712777918293,712809941590,712777822695,16666666,712778076067,712778093469,712778135989,712798625825,712817839523,2705,233124,712817776946,712817839523,0,712798625825,
0,58310,713109941578,713109941578,0,713110196386,713110196696,713110201405,713110265374,713126608244,713110195243,16666666,713110397781,713110417057,713110462271,713112665718,713127434759,2855,235769,713127434759,713122219714,0,713112665718,
0,58318,713243274906,713243274906,0,713243606997,713243607678,713243607868,713243699169,713259941572,713243603911,16666666,713243846994,713243870668,713243921322,713245883589,713262143415,3427,833273,713262143415,713257853297,0,713245883589,
0,58341,713443274898,713443274898,0,713443502807,713443503348,713443510301,713443589539,713459941564,713443499471,16666666,713443757842,713443779122,713443841058,713445696966,713460247834,3066,369418,713460247834,713458160404,0,713445696966,
0,58379,713726608220,713726608220,0,713727201549,713727201940,713727207219,713727272291,713743274886,713727199565,16666666,713727552413,713727796698,713727880214,713731432003,713743504470,2765,142736,713743504470,713740452192,0,713731432003,
0,58387,713743274886,713743274886,0,713743629909,713743630340,713743630480,713743734424,713776608218,713743627644,16666666,713743850610,713761104912,713761175783,713762635234,713777205029,2594,114203,713777205029,713772347233,0,713762635234,
0,58410,714043274874,714043274874,0,714043672628,714043673189,714043678639,714043747287,714059941540,714043670093,16666666,714043933694,714043956847,714044886370,714046033798,714060433134,2455,537272,714060433134,714055781465,0,714046033798,
0,58433,714243274866,714243274866,0,714243810339,714243811150,714243811320,714243899585,714259941532,714243806883,16666666,714244121458,714244160371,714244213019,714246176006,714261132911,3677,495203,714261132911,714255276739,0,714246176006,
0,58456,714359941528,714359941528,0,714360249706,714360250408,714360263843,714360347188,714376608194,714360246721,16666666,714360532454,714360560716,714360610859,714364670856,714377966059,2496,171900,714377966059,714372900464,0,714364670856,
0,58479,714659941516,714659941516,0,714660524586,714660525067,714660530257,714660600678,714676608182,714660521901,16666666,714660749826,714660770484,714660828613,714664920290,714693651826,3266,350323,714693651826,714680211398,0,714664920290,
0,58502,714743274846,714743274846,0,714744488417,714744488648,714744488788,714744556594,714759941512,714744486934,16666666,714744698749,714763025947,714763125943,714765188087,714778576168,2966,300520,714778344045,714778576168,0,714765188087,
0,58525,714993274836,714993274836,0,714993592110,714993592480,714993597560,714993670256,715009941502,714993589836,16666666,714994818746,714994932158,714995009622,714998900510,715026832304,3096,258262,715026832304,715015802150,0,714998900510,
0,58548,715243274826,715243274826,0,715243473953,715243474464,715243474604,715243549524,715259941492,715243470927,16666666,715243673525,715243689384,715243726403,715245453162,715260102085,2755,389897,715260102085,715255219715,0,715245453162,
0,58556,715309941490,715309941490,0,715310465035,715310465535,715310472749,715310547659,715326608156,715310462249,16666666,715310722935,715310771115,715310823663,715313240066,715343426336,3537,1117432,715343426336,715328168170,0,715313240066,
0,58593,715593274812,715593274812,0,715593438493,715593439024,715593444434,715593515837,715609941478,715593437090,16666666,715593663933,715593684411,715593744212,715597563701,715628069949,3096,230489,715628069949,715615062794,0,715597563701,
0,58616,715743274806,715759941472,0,715766194045,715766194275,715766194455,715766272240,715759941472,715766192752,16666666,715766400990,715766533056,715767414429,715771311905,715793443065,4910,215992,715793443065,715783196209,0,715771311905,
0,58624,715893274800,715893274800,0,715893450021,715893450562,715893455611,715893523337,715909941466,715893447035,16666666,715893674680,715893694036,715893750561,715895723388,715911088584,2495,371954,715911088584,715905443820,0,715895723388,
0,58662,716159941456,716159941456,0,716160424825,716160424975,716160429734,716160540610,716176608122,716160423863,16666666,716160663640,716160679509,716160728961,716187085451,716210114177,2214,200744,716210114177,716194021435,0,716187085451,
0,58670,716243274786,716243274786,0,716243602346,716243602856,716243603037,716243690350,716259941452,716243598949,16666666,716243837915,716243864985,716243912754,716246943462,716261202018,2705,456180,716261202018,716257260029,0,716246943462,
0,58693,716476608110,716476608110,0,716476823966,716476824477,716476830338,716476889709,716493274776,716476821352,16666666,716477106343,716477129295,716477173097,716479850257,694410200602,4378,447043,694410200602,716512404778,0,716479850257,
0,58723,716743274766,716743274766,0,716743547520,716743547660,716743547801,716743618012,716759941432,716743546729,16666666,716743734158,716747500670,716747544140,716748784291,716762476660,2424,166961,716762476660,716755640860,0,716748784291,
0,58738,716776608098,716776608098,0,716780211410,716780212151,716780216589,716780325963,716793274764,716780208143,16666666,716780745946,716780849090,716780914602,716782915610,716797647166,2665,112069,716797647166,716792426575,0,716782915610,
0,58761,717076608086,717076608086,0,717077174223,717077174944,717077180755,717077253341,717093274752,717077170937,16666666,717077412567,717077433406,717077493057,717079163651,717095157127,2675,321359,717095157127,717093256255,0,717079163651,
0,58784,717259941412,717259941412,0,717260146196,717260146767,717260146948,717260229411,717276608078,717260142770,16666666,717260377297,717260406141,717260454030,717262304789,717277447037,2154,408551,717277447037,717270754704,0,717262304789,
0,58807,717393274740,717393274740,0,717393465670,717393465940,717393471260,717393535571,717409941406,717393463917,16666666,717393666504,717393683346,717393726827,717396467882,717410921247,2996,238013,717410921247,717407853401,0,717396467882,
0,58830,717693274728,717693274728,0,717694700774,717694701245,717694705643,717694770334,717709941394,717694698419,16666666,717694911236,717694930803,717695012705,717699403438,717726872150,2284,241270,717726872150,717711576592,0,717699403438,
0,58845,717759941392,717759941392,0,717760699742,717760700372,717760700553,717760789108,717776608058,717760696926,16666666,717760971758,717764471211,717764513810,717768741318,717810112351,3446,219930,717810112351,717801724498,0,717768741318,
0,58876,718026608048,718026608048,0,718027420801,718027421171,718027427463,718027499066,718043274714,718027418586,16666666,718027661469,718027683450,718027748371,718032153483,718046466667,2836,123309,718046466667,718040018140,0,718032153483,
0,58899,718259941372,718259941372,0,718260220575,718260221086,718260221276,718260297128,718276608038,718260217810,16666666,718260433632,718260454821,718263484738,718265462865,718295884661,3817,1893359,718295884661,718285467878,0,718265462865,
0,58907,718326608036,718326608036,0,718326981255,718326981686,718326986304,718327037710,718343274702,718326978610,16666666,718327156211,718327233067,718327288581,718328877632,718343683021,2344,102361,718343683021,718335593228,0,718328877632,
0,58922,718343274702,718343274702,0,718345325776,718345326788,718345354990,718346525292,718376608034,718345322911,16666666,718349628525,718358508454,718358589396,718363084911,718376785487,2044,152494,718376785487,718370183831,0,718363084911,
0,58936,718359941368,718359941368,0,718360394459,718360394770,718360394970,718360435736,718409941366,718360393467,16666666,718360493825,718370201964,718370246607,718372485961,718393560079,11064020,123852,718393560079,718390254078,0,718372485961,
0,58952,718759941352,718759941352,0,718760238816,718760239336,718760239487,718760481017,718776608018,718760236090,16666666,718760652206,718760734229,718760768433,718762153985,718776772461,2065,232744,718776772461,718769653855,0,718762153985,
---PROFILEDATA---


View hierarchy:

  com.ggufchat.app/com.ggufchat.app.MainActivity/android.view.ViewRootImpl@75ca09d
  63 views, 100.63 kB of render nodes

  com.ggufchat.app/com.ggufchat.app.ChatActivity/android.view.ViewRootImpl@1ce6912
  41 views, 78.41 kB of render nodes


Total ViewRootImpl   : 2
Total attached Views : 104
Total RenderNode     : 179.03 kB (used) / 313.38 kB (capacity)