Applications Graphics Acceleration Info:
Uptime: 1035580 Realtime: 1035580

** Graphics info for pid 14135 [com.ggufchat.app] **

Stats since: 983908246388ns
Total frames rendered: 231
Janky frames: 217 (93.94%)
Janky frames (legacy): 85 (36.80%)
50th percentile: 18ms
90th percentile: 40ms
95th percentile: 48ms
99th percentile: 48ms
Number Missed Vsync: 19
Number High input latency: 12
Number Slow UI thread: 8
Number Slow bitmap uploads: 3
Number Slow issue draw commands: 215
Number Frame deadline missed: 217
Number Frame deadline missed (legacy): 80
HISTOGRAM: 5ms=0 6ms=0 7ms=0 8ms=0 9ms=0 10ms=0 11ms=0 12ms=1 13ms=2 14ms=4 15ms=2 16ms=61 17ms=45 18ms=21 19ms=9 20ms=6 21ms=2 22ms=3 23ms=0 24ms=1 25ms=1 26ms=3 27ms=0 28ms=0 29ms=0 30ms=1 31ms=1 32ms=27 34ms=9 36ms=4 38ms=4 40ms=2 42ms=2 44ms=1 46ms=2 48ms=16 53ms=1 57ms=0 61ms=0 65ms=0 69ms=0 73ms=0 77ms=0 81ms=0 85ms=0 89ms=0 93ms=0 97ms=0 101ms=0 105ms=0 109ms=0 113ms=0 117ms=0 121ms=0 125ms=0 129ms=0 133ms=0 150ms=0 200ms=0 250ms=0 300ms=0 350ms=0 400ms=0 450ms=0 500ms=0 550ms=0 600ms=0 650ms=0 700ms=0 750ms=0 800ms=0 850ms=0 900ms=0 950ms=0 1000ms=0 1050ms=0 1100ms=0 1150ms=0 1200ms=0 1250ms=0 1300ms=0 1350ms=0 1400ms=0 1450ms=0 1500ms=0 1550ms=0 1600ms=0 1650ms=0 1700ms=0 1750ms=0 1800ms=0 1850ms=0 1900ms=0 1950ms=0 2000ms=0 2050ms=0 2100ms=0 2150ms=0 2200ms=0 2250ms=0 2300ms=0 2350ms=0 2400ms=0 2450ms=0 2500ms=0 2550ms=0 2600ms=0 2650ms=0 2700ms=0 2750ms=0 2800ms=0 2850ms=0 2900ms=0 2950ms=0 3000ms=0 3050ms=0 3100ms=0 3150ms=0 3200ms=0 3250ms=0 3300ms=0 3350ms=0 3400ms=0 3450ms=0 3500ms=0 3550ms=0 3600ms=0 3650ms=0 3700ms=0 3750ms=0 3800ms=0 3850ms=0 3900ms=0 3950ms=0 4000ms=0 4050ms=0 4100ms=0 4150ms=0 4200ms=0 4250ms=0 4300ms=0 4350ms=0 4400ms=0 4450ms=0 4500ms=0 4550ms=0 4600ms=0 4650ms=0 4700ms=0 4750ms=0 4800ms=0 4850ms=0 4900ms=0 4950ms=0
50th gpu percentile: 16ms
90th gpu percentile: 4950ms
95th gpu percentile: 4950ms
99th gpu percentile: 4950ms
GPU HISTOGRAM: 1ms=0 2ms=0 3ms=0 4ms=0 5ms=0 6ms=0 7ms=0 8ms=2 9ms=1 10ms=2 11ms=11 12ms=8 13ms=22 14ms=22 15ms=34 16ms=41 17ms=15 18ms=9 19ms=5 20ms=2 21ms=4 22ms=3 23ms=3 24ms=4 25ms=5 4950ms=38

Pipeline=Skia (OpenGL)
Memory policy:
  Max surface area: 2073600
  Max resource usage: 99.53MB (x48)
  Background retention: 50% (altUiHidden = true)
  GPU Context timeout: 10
Contexts: 2 (stopped = 1)
CPU Caches:
  Glyph Cache: 68.07 KB (1 entry)
  Glyph Count: 22 
Total CPU memory usage:
  69703 bytes, 68.07 KB (0.00 bytes is purgeable)
GPU Caches:
  Other:
    Other: 13.67 KB (1 entry)
    Buffer Object: 464.00 bytes (2 entries)
    StencilAttachment: 36.00 KB (3 entries)
  Scratch:
    RenderTarget: 36.00 KB (2 entries)
    Texture: 2.00 MB (2 entries)
    Buffer Object: 144.00 KB (4 entries)
Total GPU memory usage:
  2332928 bytes, 2.22 MB (136.45 KB is purgeable)

GraphicBufferAllocator buffers:
        Handle |        Size |     W (Stride) x H | Layers |   Format |      Usage | Requestor
0x7c3638738d40 |     unknown |  720 (   0) x 1280 |      1 |        1 | 0x     b00 | VRI[ChatActivity]#1(BLAST Consumer)1
0x7c3638738f80 |     unknown |  720 (   0) x 1280 |      1 |        1 | 0x     b00 | VRI[ChatActivity]#1(BLAST Consumer)1
0x7c363873ade0 |     unknown |  720 (   0) x 1280 |      1 |        1 | 0x     b00 | VRI[ChatActivity]#1(BLAST Consumer)1
Total allocated by GraphicBufferAllocator (estimate): 0.00 KB
GoldfishAllocator::dumpDebugInfo is not implemented
Profile data in ms:

	com.ggufchat.app/com.ggufchat.app.MainActivity/android.view.ViewRootImpl@25fa7f1 (visibility=8)
Window: com.ggufchat.app/com.ggufchat.app.MainActivity
Stats since: 983908088774ns
Total frames rendered: 0
Janky frames: 0 (0.00%)
Janky frames (legacy): 0 (0.00%)
50th percentile: 4950ms
90th percentile: 4950ms
95th percentile: 4950ms
99th percentile: 4950ms
Number Missed Vsync: 0
Number High input latency: 0
Number Slow UI thread: 0
Number Slow bitmap uploads: 0
Number Slow issue draw commands: 0
Number Frame deadline missed: 0
Number Frame deadline missed (legacy): 0
HISTOGRAM: 5ms=0 6ms=0 7ms=0 8ms=0 9ms=0 10ms=0 11ms=0 12ms=0 13ms=0 14ms=0 15ms=0 16ms=0 17ms=0 18ms=0 19ms=0 20ms=0 21ms=0 22ms=0 23ms=0 24ms=0 25ms=0 26ms=0 27ms=0 28ms=0 29ms=0 30ms=0 31ms=0 32ms=0 34ms=0 36ms=0 38ms=0 40ms=0 42ms=0 44ms=0 46ms=0 48ms=0 53ms=0 57ms=0 61ms=0 65ms=0 69ms=0 73ms=0 77ms=0 81ms=0 85ms=0 89ms=0 93ms=0 97ms=0 101ms=0 105ms=0 109ms=0 113ms=0 117ms=0 121ms=0 125ms=0 129ms=0 133ms=0 150ms=0 200ms=0 250ms=0 300ms=0 350ms=0 400ms=0 450ms=0 500ms=0 550ms=0 600ms=0 650ms=0 700ms=0 750ms=0 800ms=0 850ms=0 900ms=0 950ms=0 1000ms=0 1050ms=0 1100ms=0 1150ms=0 1200ms=0 1250ms=0 1300ms=0 1350ms=0 1400ms=0 1450ms=0 1500ms=0 1550ms=0 1600ms=0 1650ms=0 1700ms=0 1750ms=0 1800ms=0 1850ms=0 1900ms=0 1950ms=0 2000ms=0 2050ms=0 2100ms=0 2150ms=0 2200ms=0 2250ms=0 2300ms=0 2350ms=0 2400ms=0 2450ms=0 2500ms=0 2550ms=0 2600ms=0 2650ms=0 2700ms=0 2750ms=0 2800ms=0 2850ms=0 2900ms=0 2950ms=0 3000ms=0 3050ms=0 3100ms=0 3150ms=0 3200ms=0 3250ms=0 3300ms=0 3350ms=0 3400ms=0 3450ms=0 3500ms=0 3550ms=0 3600ms=0 3650ms=0 3700ms=0 3750ms=0 3800ms=0 3850ms=0 3900ms=0 3950ms=0 4000ms=0 4050ms=0 4100ms=0 4150ms=0 4200ms=0 4250ms=0 4300ms=0 4350ms=0 4400ms=0 4450ms=0 4500ms=0 4550ms=0 4600ms=0 4650ms=0 4700ms=0 4750ms=0 4800ms=0 4850ms=0 4900ms=0 4950ms=0
50th gpu percentile: 4950ms
90th gpu percentile: 4950ms
95th gpu percentile: 4950ms
99th gpu percentile: 4950ms
GPU HISTOGRAM: 1ms=0 2ms=0 3ms=0 4ms=0 5ms=0 6ms=0 7ms=0 8ms=0 9ms=0 10ms=0 11ms=0 12ms=0 13ms=0 14ms=0 15ms=0 16ms=0 17ms=0 18ms=0 19ms=0 20ms=0 21ms=0 22ms=0 23ms=0 24ms=0 25ms=0 4950ms=0



---PROFILEDATA---
Flags,FrameTimelineVsyncId,IntendedVsync,Vsync,InputEventId,HandleInputStart,AnimationStart,PerformTraversalsStart,DrawStart,FrameDeadline,FrameInterval,FrameStartTime,SyncQueued,SyncStart,IssueDrawCommandsStart,SwapBuffers,FrameCompleted,DequeueBufferDuration,QueueBufferDuration,GpuCompleted,SwapBuffersCompleted,DisplayPresentTime,CommandSubmissionCompleted,
---PROFILEDATA---


	com.ggufchat.app/com.ggufchat.app.ChatActivity/android.view.ViewRootImpl@d4c1fd6 (visibility=0)
Window: com.ggufchat.app/com.ggufchat.app.ChatActivity
Stats since: 983908246248ns
Total frames rendered: 231
Janky frames: 217 (93.94%)
Janky frames (legacy): 85 (36.80%)
50th percentile: 18ms
90th percentile: 40ms
95th percentile: 48ms
99th percentile: 48ms
Number Missed Vsync: 19
Number High input latency: 12
Number Slow UI thread: 8
Number Slow bitmap uploads: 3
Number Slow issue draw commands: 215
Number Frame deadline missed: 217
Number Frame deadline missed (legacy): 80
HISTOGRAM: 5ms=0 6ms=0 7ms=0 8ms=0 9ms=0 10ms=0 11ms=0 12ms=1 13ms=2 14ms=4 15ms=2 16ms=61 17ms=45 18ms=21 19ms=9 20ms=6 21ms=2 22ms=3 23ms=0 24ms=1 25ms=1 26ms=3 27ms=0 28ms=0 29ms=0 30ms=1 31ms=1 32ms=27 34ms=9 36ms=4 38ms=4 40ms=2 42ms=2 44ms=1 46ms=2 48ms=16 53ms=1 57ms=0 61ms=0 65ms=0 69ms=0 73ms=0 77ms=0 81ms=0 85ms=0 89ms=0 93ms=0 97ms=0 101ms=0 105ms=0 109ms=0 113ms=0 117ms=0 121ms=0 125ms=0 129ms=0 133ms=0 150ms=0 200ms=0 250ms=0 300ms=0 350ms=0 400ms=0 450ms=0 500ms=0 550ms=0 600ms=0 650ms=0 700ms=0 750ms=0 800ms=0 850ms=0 900ms=0 950ms=0 1000ms=0 1050ms=0 1100ms=0 1150ms=0 1200ms=0 1250ms=0 1300ms=0 1350ms=0 1400ms=0 1450ms=0 1500ms=0 1550ms=0 1600ms=0 1650ms=0 1700ms=0 1750ms=0 1800ms=0 1850ms=0 1900ms=0 1950ms=0 2000ms=0 2050ms=0 2100ms=0 2150ms=0 2200ms=0 2250ms=0 2300ms=0 2350ms=0 2400ms=0 2450ms=0 2500ms=0 2550ms=0 2600ms=0 2650ms=0 2700ms=0 2750ms=0 2800ms=0 2850ms=0 2900ms=0 2950ms=0 3000ms=0 3050ms=0 3100ms=0 3150ms=0 3200ms=0 3250ms=0 3300ms=0 3350ms=0 3400ms=0 3450ms=0 3500ms=0 3550ms=0 3600ms=0 3650ms=0 3700ms=0 3750ms=0 3800ms=0 3850ms=0 3900ms=0 3950ms=0 4000ms=0 4050ms=0 4100ms=0 4150ms=0 4200ms=0 4250ms=0 4300ms=0 4350ms=0 4400ms=0 4450ms=0 4500ms=0 4550ms=0 4600ms=0 4650ms=0 4700ms=0 4750ms=0 4800ms=0 4850ms=0 4900ms=0 4950ms=0
50th gpu percentile: 16ms
90th gpu percentile: 4950ms
95th gpu percentile: 4950ms
99th gpu percentile: 4950ms
GPU HISTOGRAM: 1ms=0 2ms=0 3ms=0 4ms=0 5ms=0 6ms=0 7ms=0 8ms=2 9ms=1 10ms=2 11ms=11 12ms=8 13ms=22 14ms=22 15ms=34 16ms=41 17ms=15 18ms=9 19ms=5 20ms=2 21ms=4 22ms=3 23ms=3 24ms=4 25ms=5 4950ms=38



---PROFILEDATA---
Flags,FrameTimelineVsyncId,IntendedVsync,Vsync,InputEventId,HandleInputStart,AnimationStart,PerformTraversalsStart,DrawStart,FrameDeadline,FrameInterval,FrameStartTime,SyncQueued,SyncStart,IssueDrawCommandsStart,SwapBuffers,FrameCompleted,DequeueBufferDuration,QueueBufferDuration,GpuCompleted,SwapBuffersCompleted,DisplayPresentTime,CommandSubmissionCompleted,
0,82963,1013909929546,1013909929546,0,1013925175275,1013925176046,1013925187368,1013925334301,1013926596212,1013925172480,16666666,1013927154413,1013927181945,1013927343957,1013930922977,1013943509494,2685,157784,1013943509494,1013938062102,0,1013930922977,
0,82970,1013926596212,1013926596212,0,1013927279246,1013927279477,1013927279657,1013927306898,1013976596210,1013927278545,16666666,1013927336322,1013938091627,1013938124398,1013941554481,1013984253586,28046274,3735412,1013979884936,1013984253586,0,1013941554481,
0,82994,1014226596200,1014226596200,0,1014226806044,1014226806895,1014226814950,1014226890742,1014243262866,1014226802708,16666666,1014227113558,1014227140357,1014227209657,1014229248639,1014246830585,2745,356435,1014246756617,1014246830585,0,1014229248639,
0,83017,1014343262862,1014343262862,0,1014343474176,1014343474456,1014343474646,1014343548154,1014359929528,1014343472182,16666666,1014343667646,1014343696480,1014343738328,1014345193199,1014361077855,3155,699304,1014361077855,1014356409472,0,1014345193199,
0,83040,1014543262854,1014543262854,0,1014545271049,1014545337973,1014545345377,1014546333990,1014559929520,1014545268745,16666666,1014546497785,1014546523583,1014546574658,1014549654508,1014560971191,2655,162252,1014560971191,1014558105989,0,1014549654508,
0,83063,1014826596176,1014826596176,0,1014827359151,1014827359582,1014827364020,1014827419604,1014843262842,1014827356776,16666666,1014827578790,1014827595722,1014827634274,1014829723615,1014845059452,2303,276415,1014845059452,1014841609467,0,1014829723615,
0,83071,1014843262842,1014843262842,0,1014844276808,1014844277489,1014844277680,1014844344614,1014876596174,1014844274413,16666666,1014844459208,1014844475298,1014844511735,1014869212552,1014894160927,2665,179485,1014894160927,1014884607904,0,1014869212552,
0,83109,1015159929496,1015159929496,0,1015160137632,1015160138313,1015160143823,1015160207732,1015176596162,1015160134816,16666666,1015160360106,1015160381676,1015160427592,1015169069796,1015176900452,2303,236721,1015176900452,1015170700124,0,1015169069796,
0,83132,1015343262822,1015343262822,0,1015343649317,1015343649638,1015343649828,1015343730068,1015359929488,1015343646873,16666666,1015343877442,1015343899603,1015343944397,1015346193408,1015356711441,3076,936195,1015356654355,1015356711441,0,1015346193408,
0,83140,1015459929484,1015459929484,0,1015460163181,1015460163862,1015460171055,1015460248289,1015476596150,1015460159745,16666666,1015460439336,1015460469272,1015460520978,1015462541072,1015478176582,1884,234267,1015478176582,1015472725894,0,1015462541072,
0,83178,1015759929472,1015759929472,0,1015760146311,1015760146602,1015760151622,1015760218917,1015776596138,1015760144739,16666666,1015760421955,1015760439377,1015760481025,1015763555367,1015774307226,7904,437005,1015774228479,1015774307226,0,1015763555367,
0,83186,1015843262802,1015843262802,0,1015843537538,1015843538330,1015843538520,1015843629610,1015859929468,1015843534112,16666666,1015843797302,1015843819964,1015843979592,1015845744037,1015860532631,2836,368487,1015860532631,1015859942228,0,1015845744037,
0,83209,1016059929460,1016059929460,0,1016060119957,1016060120478,1016060126208,1016060196570,1016076596126,1016060116150,16666666,1016060360435,1016060381094,1016060439031,1016062159107,1016076751009,3337,308856,1016076751009,1016071039335,0,1016062159107,
0,83247,1016359929448,1016359929448,0,1016360140477,1016360140788,1016360140968,1016360219064,1016376596114,1016360138443,16666666,1016360368493,1016360390103,1016360435858,1016361464395,1016379103265,2245,169366,1016379103265,1016370381663,0,1016361464395,
0,83255,1016376596114,1016393262780,0,1016407110080,1016407111212,1016407121421,1016407183437,1016409929446,1016407107846,16666666,1016407325342,1016407340520,1016407380254,1016409190040,1016426740919,2205,164136,1016426740919,1016415984833,0,1016409190040,
0,83278,1016659929436,1016659929436,0,1016660191952,1016660192654,1016660197192,1016660313288,1016676596102,1016660189257,16666666,1016660567352,1016660585606,1016660648744,1016662218689,1016676898175,2315,140162,1016676898175,1016670311451,0,1016662218689,
0,83286,1016676596102,1016676596102,0,1016677125951,1016677126373,1016677126533,1016677170154,1016709929434,1016677124820,16666666,1016677218985,1016677276132,1016677343106,1016699883442,1016710815217,2755,2205190,1016710815217,1016709351578,0,1016699883442,
0,83309,1016859929428,1016859929428,0,1016860300627,1016860301279,1016860301560,1016860376719,1016876596094,1016860297402,16666666,1016860511471,1016860532670,1016860611177,1016866200719,1016876769051,2725,298607,1016876769051,1016869814633,0,1016866200719,
0,83332,1016976596090,1016976596090,0,1016976763368,1016976763919,1016976769179,1016976839570,1016993262756,1016976760142,16666666,1016977084166,1016977108081,1016977160428,1016985448724,1017010098904,2013,224589,1017010098904,1016993487746,0,1016985448724,
0,83355,1017259929412,1017259929412,0,1017260821097,1017260821598,1017260828360,1017260904673,1017276596078,1017260817600,16666666,1017261091731,1017261114353,1017261168344,1017262160122,1017277563519,4879,152063,1017277563519,1017273983447,0,1017262160122,
0,83378,1017359929408,1017359929408,0,1017360350910,1017360351371,1017360351551,1017360433684,1017376596074,1017360348586,16666666,1017360587420,1017360609312,1017360654024,1017361698101,1017377799869,2746,232955,1017377799869,1017374727180,0,1017361698101,
0,83401,1017576596066,1017576596066,0,1017576797444,1017576798355,1017576805338,1017576878394,1017593262732,1017576794417,16666666,1017577056086,1017577080992,1017577145943,1017581949445,1017593499010,2806,262289,1017593499010,1017591299080,0,1017581949445,
0,83424,1017843262722,1017843262722,0,1017843730299,1017843730800,1017843735930,1017843800370,1017859929388,1017843727804,16666666,1017843931353,1017843951792,1017844031150,1017848076429,1017860152495,2675,1422942,1017860152495,1017856350309,0,1017848076429,
0,83432,1017859929388,1017876596054,0,1017881185666,1017881186156,1017881186307,1017881264653,1017893262720,1017881183051,16666666,1017881385017,1017881732054,1017881775224,1017885907165,1017910142411,2063,197228,1017910142411,1017896570047,0,1017885907165,
0,83470,1018176596042,1018176596042,0,1018177016105,1018177016606,1018177021765,1018177085144,1018193262708,1018177013500,16666666,1018177226397,1018177247095,1018177301517,1018179112504,1018196152629,2444,225832,1018196152629,1018189175779,0,1018179112504,
0,83493,1018359929368,1018359929368,0,1018361091752,1018361092122,1018361092303,1018361169116,1018376596034,1018361089418,16666666,1018361301583,1018361321170,1018361363649,1018363642536,1018376759564,2635,174635,1018376759564,1018371460248,0,1018363642536,
0,83501,1018476596030,1018476596030,0,1018476778416,1018476778997,1018476784137,1018476849398,1018493262696,1018476775550,16666666,1018477020246,1018477038982,1018477086581,1018478570423,1018493433533,3226,285913,1018493433533,1018485821537,0,1018478570423,
0,83539,1018776596018,1018776596018,0,1018776747701,1018776748071,1018776753050,1018776816318,1018793262684,1018776745978,16666666,1018776946130,1018776965146,1018777048301,1018778485149,1018795440095,2344,2555563,1018795440095,1018791698734,0,1018778485149,
0,83547,1018859929348,1018859929348,0,1018860303394,1018860304015,1018860304206,1018860379616,1018876596014,1018860300458,16666666,1018860515890,1018860537179,1018860575481,1018861909337,1018874425353,2906,1224653,1018874368346,1018874425353,0,1018861909337,
0,83570,1019076596006,1019076596006,0,1019076788849,1019076789220,1019076794219,1019076853730,1019093262672,1019076786445,16666666,1019077008248,1019077030079,1019077070595,1019079435923,1019093645464,2364,471909,1019093645464,1019091073702,0,1019079435923,
0,83608,1019359929328,1019359929328,0,1019360117601,1019360118103,1019360118273,1019360195857,1019376595994,1019360114506,16666666,1019360387795,1019360409034,1019360451513,1019367093793,1019376754800,2975,187629,1019376754800,1019373935513,0,1019367093793,
0,83616,1019426595992,1019426595992,0,1019426785128,1019426785639,1019426791299,1019426906344,1019443262658,1019426782242,16666666,1019427068406,1019427111797,1019427155969,1019428340476,1019443511781,2315,180747,1019443511781,1019436513979,0,1019428340476,
0,83639,1019693262648,1019693262648,0,1019693495487,1019693496038,1019693500647,1019693564906,1019709929314,1019693492992,16666666,1019693686883,1019693709716,1019693751344,1019695326629,1019710190235,2474,162663,1019710190235,1019705064720,0,1019695326629,
0,83662,1019859929308,1019859929308,0,1019860756061,1019860756652,1019860756842,1019860832763,1019876595974,1019860752684,16666666,1019861006468,1019861030022,1019861094231,1019862592574,1019877358873,2384,133618,1019877358873,1019873840556,0,1019862592574,
0,83685,1020026595968,1020026595968,0,1020027671467,1020027671877,1020027677337,1020027742829,1020043262634,1020027669112,16666666,1020027882881,1020027911715,1020027947110,1020030755795,1020060094562,2295,242030,1020060094562,1020044486935,0,1020030755795,
0,83708,1020326595956,1020326595956,0,1020326764182,1020326764694,1020326769512,1020326824145,1020343262622,1020326761839,16666666,1020326934721,1020326990354,1020327025680,1020329633821,1020343585772,2945,293176,1020343585772,1020339095334,0,1020329633821,
0,83731,1020376595954,1020376595954,0,1020376940717,1020376941108,1020376941309,1020377054901,1020393262620,1020376938774,16666666,1020378735753,1020397613983,1020397650302,1020399189812,1020412209766,3457,216604,1020412209766,1020409292885,0,1020399189812,
0,83754,1020643262610,1020643262610,0,1020643611975,1020643612406,1020643617786,1020643681104,1020659929276,1020643609401,16666666,1020643870287,1020644829164,1020644873998,1020645824439,1020661271668,2234,276065,1020661271668,1020653466501,0,1020645824439,
0,83777,1020876595934,1020876595934,0,1020876840948,1020876841569,1020876841769,1020876918062,1020893262600,1020876837933,16666666,1020877085675,1020877106724,1020877148741,1020878148656,1020910528724,3096,333070,1020910528724,1020896684433,0,1020878148656,
0,83800,1020959929264,1020976595930,0,1020985739189,1020985739950,1020985752734,1020985838194,1020976595930,1020985735963,16666666,1020986158250,1020986213523,1020986326233,1020987495174,1021010342344,2195,105206,1021010342344,1020996508663,0,1020987495174,
0,83823,1021259929252,1021259929252,0,1021260215794,1021260216645,1021260226193,1021260306542,1021276595918,1021260212437,16666666,1021260478483,1021260501687,1021264119138,1021271465722,1021278834867,2555,297645,1021278834867,1021276742988,0,1021271465722,
0,83846,1021393262580,1021393262580,0,1021393504128,1021393504518,1021393504699,1021393581522,1021409929246,1021393502124,16666666,1021393719959,1021393741300,1021393782947,1021395541825,1021410546070,2565,219470,1021410546070,1021405813560,0,1021395541825,
0,83869,1021559929240,1021576595906,0,1021581973037,1021581973518,1021582009505,1021582096477,1021576595906,1021581969871,16666666,1021582279498,1021583745821,1021583845336,1021586878869,1021610235329,2235,113491,1021610235329,1021593814566,0,1021586878869,
0,83892,1021826595896,1021826595896,0,1021826991137,1021826991608,1021826996578,1021827059986,1021843262562,1021826989124,16666666,1021827196541,1021827214193,1021827263936,1021831294127,1021844517675,2064,119844,1021844517675,1021839926375,0,1021831294127,
0,83900,1021893262560,1021893262560,0,1021894074652,1021894075474,1021894075664,1021894162866,1021909929226,1021894071216,16666666,1021894316513,1021894338454,1021894387496,1021896199662,1021911191560,3196,917880,1021911191560,1021910735853,0,1021896199662,
0,83923,1022126595884,1022126595884,0,1022127801560,1022127802131,1022127806900,1022127876079,1022143262550,1022127798214,16666666,1022128094747,1022128115275,1022128168654,1022129560165,1022143459199,2154,230319,1022143459199,1022140592846,0,1022129560165,
0,83961,1022393262540,1022393262540,0,1022393369029,1022393369410,1022393369590,1022393441023,1022409929206,1022393366734,16666666,1022393566287,1022393583899,1022393623263,1022397194614,1022411058368,2325,127658,1022411058368,1022403263194,0,1022397194614,
0,83969,1022443262538,1022443262538,0,1022444136675,1022444137307,1022444143368,1022444208780,1022459929204,1022444133820,16666666,1022444349281,1022444398321,1022444436612,1022446292110,1022476864863,2225,128259,1022476864863,1022467216156,0,1022446292110,
0,83992,1022709929194,1022709929194,0,1022710863930,1022710864502,1022710868910,1022710955832,1022726595860,1022710861556,16666666,1022711101814,1022711138262,1022711189247,1022712994839,1022727717455,3747,135472,1022727717455,1022721513085,0,1022712994839,
0,84015,1022893262520,1022893262520,0,1022893442542,1022893443033,1022893443174,1022893530497,1022909929186,1022893439287,16666666,1022893667682,1022893695154,1022893738784,1022897277930,1022911942715,2845,286745,1022911942715,1022906004669,0,1022897277930,
0,84038,1023026595848,1023026595848,0,1023027911491,1023027911851,1023027949772,1023028024271,1023043262514,1023027909107,16666666,1023028224925,1023028249000,1023028300055,1023029520659,1023042522922,3146,293106,1023042462138,1023042522922,0,1023029520659,
0,84061,1023293262504,1023293262504,0,1023295005996,1023295006477,1023295011757,1023295083550,1023309929170,1023295003742,16666666,1023295293442,1023295318979,1023295368201,1023297600483,1023310322502,2775,251809,1023310322502,1023308501828,0,1023297600483,
0,84084,1023393262500,1023393262500,0,1023393402990,1023393403281,1023393403461,1023393481757,1023409929166,1023393400536,16666666,1023393625746,1023393646554,1023393690957,1023402723841,1023420191586,3837,8563008,1023420124640,1023420191586,0,1023402723841,
0,84107,1023626595824,1023626595824,0,1023626885035,1023626885365,1023626891386,1023627058518,1023643262490,1023626882460,16666666,1023628380922,1023628399367,1023628470519,1023629682097,1023643487957,3116,261929,1023643487957,1023638744186,0,1023629682097,
0,84115,1023643262490,1023643262490,0,1023643550581,1023643551152,1023643551312,1023643690151,1023676595822,1023643548267,16666666,1023643782293,1023671529397,1023671597755,1023673511791,1023693424653,2184,196747,1023693424653,1023686040859,0,1023673511791,
0,84138,1023893262480,1023893262480,0,1023893533728,1023893534279,1023893534449,1023893609499,1023909929146,1023893530812,16666666,1023893738971,1023893758287,1023893800946,1023895031920,1023910286530,3627,261628,1023910286530,1023901583219,0,1023895031920,
0,84146,1023943262478,1023943262478,0,1023943471564,1023943471984,1023943477044,1023943539250,1023959929144,1023943468558,16666666,1023943687385,1023943706041,1023943754791,1023946233611,1023962990375,1713,133659,1023962990375,1023957281471,0,1023946233611,
0,84184,1024226595800,1024226595800,0,1024227134433,1024227134804,1024227140134,1024227205015,1024243262466,1024227132239,16666666,1024227366686,1024227387665,1024227431888,1024232123398,1024243892843,2395,184434,1024243892843,1024239706541,0,1024232123398,
0,84207,1024409929126,1024409929126,0,1024410156604,1024410156895,1024410157085,1024410242574,1024426595792,1024410154801,16666666,1024410397012,1024410418332,1024410463697,1024411765763,1024426790364,3166,372555,1024426790364,1024426152204,0,1024411765763,
0,84215,1024543262454,1024543262454,0,1024543465276,1024543465757,1024543471888,1024543544794,1024559929120,1024543462631,16666666,1024543717966,1024543741360,1024543791163,1024545388893,1024562039742,1763,112419,1024562039742,1024556773079,0,1024545388893,
0,84253,1024826595776,1024826595776,0,1024827518380,1024827519021,1024827524591,1024827594912,1024843262442,1024827516086,16666666,1024827800055,1024827824080,1024827873412,1024829139481,1024844951933,3026,220872,1024844951933,1024840428029,0,1024829139481,
0,84261,1024909929106,1024909929106,0,1024910180906,1024910181477,1024910181667,1024911248556,1024926595772,1024910177549,16666666,1024911398735,1024911421839,1024911469488,1024914086936,1024927058350,3817,272117,1024927058350,1024925611854,0,1024914086936,
0,84284,1025126595764,1025126595764,0,1025127619589,1025127620190,1025127625299,1025127688477,1025143262430,1025127617064,16666666,1025127840179,1025127863022,1025127945707,1025130740344,1025143981141,1793,146763,1025143938221,1025143981141,0,1025130740344,
0,84322,1025409929086,1025409929086,0,1025410173316,1025410173607,1025410178446,1025410242185,1025426595752,1025410171753,16666666,1025410390331,1025410411230,1025410462205,1025412305289,1025440579554,2645,171710,1025440579554,1025427315155,0,1025412305289,
0,84329,1025426595752,1025426595752,0,1025426784035,1025426784336,1025426784516,1025426829249,1025443262418,1025426783144,16666666,1025426944544,1025427334181,1025427384484,1025431245841,1003745306679,55899590,123139,1003745306679,1025496558091,0,1025431245841,
0,84353,1025743262406,1025743262406,0,1025743446083,1025743446624,1025743452014,1025743517777,1025759929072,1025743443027,16666666,1025743688094,1025743708842,1025743765177,1025747049909,1025764865238,2133,158264,1025764865238,1025759191414,0,1025747049909,
0,84376,1025926595732,1025926595732,0,1025927025171,1025927025742,1025927025923,1025927111843,1025943262398,1025927022106,16666666,1025927261942,1025927283533,1025927330540,1025929224560,1025962999108,3457,300620,1025962999108,1025949066990,0,1025929224560,
0,84399,1026043262394,1026043262394,0,1026043498470,1026043498910,1026043504401,1026043576875,1026059929060,1026043496225,16666666,1026043754497,1026043790303,1026043849574,1026047375087,1026060172785,2404,168644,1026060172785,1026053345469,0,1026047375087,
0,84422,1026309929050,1026309929050,0,1026310732880,1026310733371,1026310739041,1026310811326,1026326595716,1026310729724,16666666,1026311029633,1026311059118,1026311111907,1026312432758,1026343401381,3065,275854,1026343401381,1026329015618,0,1026312432758,
0,84445,1026426595712,1026426595712,0,1026426758189,1026426758800,1026426758979,1026426835372,1026443262378,1026426755784,16666666,1026427008565,1026427033371,1026427074247,1026435122729,1026460551338,2364,115946,1026460551338,1026442375273,0,1026435122729,
0,84468,1026609929038,1026609929038,0,1026610440885,1026610441165,1026610475039,1026610537164,1026626595704,1026610439212,16666666,1026610659463,1026610676203,1026610709356,1026635696421,1026660437114,2103,194041,1026660437114,1026648240159,0,1026635696421,
0,84491,1026926595692,1026926595692,0,1026926991975,1026926992446,1026926992587,1026927053600,1026943262358,1026926989370,16666666,1026927167332,1026927185867,1026927240419,1026929515378,1004781486507,4569,18505664,1004781433268,1026961714292,0,1026929515378,
0,84499,1026943262358,1026959929024,0,1026960927876,1026960928777,1026960941802,1026961106339,1026959929024,1026960924239,16666666,1026961462122,1026961746932,1026962891085,1026965302248,1026977948402,1914,468603,1026977948402,1026973196631,0,1026965302248,
0,84507,1026976595690,1026976595690,0,1026977322360,1026977322821,1026977323011,1026977377683,1027009929022,1026977321028,16666666,1026977472149,1026998643180,1026998743467,1027005336291,1027043653850,2415,129171,1027043653850,1027038273272,0,1027005336291,
0,84545,1027259929012,1027259929012,0,1027260205534,1027260205864,1027260210824,1027260280313,1027276595678,1027260203620,16666666,1027260445881,1027260465088,1027260504682,1027262743784,1027278349997,2274,133769,1027278349997,1027274504585,0,1027262743784,
0,84568,1027426595672,1027426595672,0,1027426736623,1027426737074,1027426737264,1027426813657,1027443262338,1027426734629,16666666,1027426981930,1027427002799,1027427043626,1027429570525,1027443448599,2334,122108,1027443448599,1027434829148,0,1027429570525,
0,84576,1027559929000,1027559929000,0,1027560393646,1027560394178,1027560399257,1027560471261,1027576595666,1027560390320,16666666,1027560604930,1027560625558,1027560684599,1027562785154,1027580958270,2675,405966,1027580958270,1027575293174,0,1027562785154,
0,84614,1027876595654,1027876595654,0,1027877175693,1027877176073,1027877181424,1027877249851,1027893262320,1027877173799,16666666,1027877388068,1027877407605,1027877463479,1027879814550,1027895970089,3556,500023,1027895898957,1027895970089,0,1027879814550,
0,84622,1027926595652,1027926595652,0,1027927818645,1027927819666,1027927819987,1027927935642,1027943262318,1027927815689,16666666,1027928143811,1027928169338,1027928271098,1027933125084,1027960133339,2314,194052,1027960133339,1027944506044,0,1027933125084,
0,84645,1028176595642,1028176595642,0,1028176773417,1028176773948,1028176778757,1028176842075,1028193262308,1028176770983,16666666,1028177008435,1028177030245,1028177073255,1028178823771,1028193445478,2685,258752,1028193445478,1028187810446,0,1028178823771,
0,84675,1028426595632,1028426595632,0,1028427097119,1028427097319,1028427097489,1028427180974,1028443262298,1028427096027,16666666,1028427339590,1028430505960,1028430549310,1028432211480,1028444973414,2544,213789,1028444973414,1028442479496,0,1028432211480,
0,84690,1028493262296,1028493262296,0,1028493450257,1028493450638,1028493456058,1028493518364,1028509928962,1028493448304,16666666,1028493640852,1028493660188,1028493709991,1028494873068,1028510086392,2736,195525,1028510086392,1028504585261,0,1028494873068,
0,84713,1028809928950,1028809928950,0,1028810220034,1028810220606,1028810227007,1028810303771,1028826595616,1028810216788,16666666,1028810453790,1028810475260,1028810531134,1028813318288,1028826897616,2374,265745,1028826897616,1028824671971,0,1028813318288,
0,84736,1028926595612,1028926595612,0,1028926917600,1028926918201,1028926918382,1028926993953,1028943262278,1028926914685,16666666,1028927124005,1028927141708,1028927178497,1028931185743,1028960210415,2445,325807,1028960210415,1028944076236,0,1028931185743,
0,84759,1029126595604,1029126595604,0,1029126790136,1029126790737,1029126796297,1029126899990,1029143262270,1029126787430,16666666,1029127048868,1029127071460,1029127120210,1029129269045,1029160159596,4749,310499,1029143464914,1029160159596,0,1029129269045,
0,84782,1029409928926,1029409928926,0,1029410169274,1029410169744,1029410174343,1029410237100,1029426595592,1029410166589,16666666,1029410364999,1029410383443,1029410425180,1029412159273,1029426752031,3497,245026,1029426752031,1029423521621,0,1029412159273,
0,84790,1029426595592,1029443262258,0,1029444547924,1029444548996,1029444549166,1029444628535,1029459928924,1029444544798,16666666,1029444903898,1029444925208,1029444967847,1029447468227,1029460324109,2244,213308,1029460324109,1029456609466,0,1029447468227,
0,84828,1029726595580,1029726595580,0,1029726929965,1029726930366,1029726935916,1029727004033,1029743262246,1029726927390,16666666,1029727139075,1029727160184,1029727204657,1029728872345,1029761053555,2725,241801,1029761053555,1029746318910,0,1029728872345,
0,84851,1029926595572,1029926595572,0,1029926755983,1029926756283,1029926756533,1029926924566,1029943262238,1029926753227,16666666,1029927088592,1029927139607,1029927242549,1029929383589,1029960226990,2394,149018,1029960226990,1029944520680,0,1029929383589,
0,84859,1030009928902,1030009928902,0,1030010271351,1030010272152,1030010277362,1030010349546,1030026595568,1030010267654,16666666,1030010501720,1030010529842,1030011558370,1030013326331,1030028734220,2505,269272,1030028734220,1030025480032,0,1030013326331,
0,84897,1030293262224,1030309928890,0,1030314975567,1030314976068,1030314984463,1030315053472,1030309928890,1030314972972,16666666,1030315195908,1030315434893,1030315524590,1030320953087,1030344080489,3887,202828,1030344080489,1030328896722,0,1030320953087,
0,84905,1030426595552,1030426595552,0,1030428543869,1030428544430,1030428544600,1030428620291,1030443262218,1030428540863,16666666,1030428922254,1030428943895,1030428985803,1030431353697,1030460121091,2465,1009131,1030460121091,1030443614027,0,1030431353697,
0,84928,1030609928878,1030609928878,0,1030610156748,1030610157079,1030610162589,1030610229333,1030626595544,1030610154264,16666666,1030610383972,1030610404169,1030610461116,1030615970456,1030626739856,2454,242772,1030626739856,1030621179474,0,1030615970456,
0,84966,1030909928866,1030926595532,0,1030935590630,1030935591101,1030935601060,1030935682712,1030926595532,1030935587575,16666666,1030935891822,1030935918472,1030935965449,1030941139572,1030960198582,2485,218668,1030960198582,1030956636052,0,1030941139572,
0,84973,1030943262198,1030943262198,0,1030948003073,1030948003364,1030948003544,1030948090777,1030993262196,1030948002372,16666666,1030948165897,1030956658665,1030956722223,1030959271374,1030993589139,12833738,402720,1030980638994,1030993589139,0,1030959271374,
0,84997,1031226595520,1031226595520,0,1031227129487,1031227131450,1031227143503,1031227630010,1031243262186,1031227123896,16666666,1031227784307,1031227857190,1031227912684,1031229772560,1031260144543,2354,143898,1031260144543,1031244321655,0,1031229772560,
0,85020,1031443262178,1031443262178,0,1031444005440,1031444006021,1031444006211,1031444131094,1031459928844,1031444002464,16666666,1031444265985,1031444296291,1031444337809,1031445518088,1031463793649,3677,275584,1031463793649,1031461632150,0,1031445518088,
0,85043,1031526595508,1031543262174,0,1031547604773,1031547605504,1031547615844,1031547692045,1031543262174,1031547601757,16666666,1031547899462,1031547924730,1031547972749,1031549382516,1031577577043,2274,236000,1031577577043,1031567391820,0,1031549382516,
0,85066,1031843262162,1031843262162,0,1031844160618,1031844164085,1031844170116,1031844241569,1031859928828,1031844157542,16666666,1031844356062,1031844449259,1031844515272,1031845772204,1031876771294,2214,141343,1031876771294,1031862585279,0,1031845772204,
0,85089,1031943262158,1031943262158,0,1031943418856,1031943419618,1031943419788,1031943503845,1031959928824,1031943416291,16666666,1031943656209,1031943678199,1031943726059,1031948718279,1031960960796,2353,183943,1031960960796,1031957443230,0,1031948718279,
0,85112,1032159928816,1032159928816,0,1032160303689,1032160304049,1032160313837,1032160394207,1032176595482,1032160301284,16666666,1032160574594,1032160667263,1032160737484,1032164790978,1032177079380,2585,160218,1032177079380,1032173617488,0,1032164790978,
0,85135,1032443262138,1032443262138,0,1032443844463,1032443844934,1032443849813,1032443913823,1032459928804,1032443842018,16666666,1032444092035,1032444122922,1032444164589,1032446345504,1032460251210,2695,247752,1032460251210,1032455425937,0,1032446345504,
0,85143,1032459928804,1032459928804,0,1032460306352,1032460306743,1032460306923,1032460355133,1032493262136,1032460305171,16666666,1032460544436,1032460558052,1032460629515,1032485174196,1032499951196,62236,251639,1032499633673,1032499951196,0,1032485174196,
0,85181,1032759928792,1032759928792,0,1032760049834,1032760050135,1032760057969,1032760166161,1032776595458,1032760048221,16666666,1032760305521,1032760326179,1032764085546,1032771235971,1032793622846,2354,230590,1032793622846,1032780264338,0,1032771235971,
0,85204,1032959928784,1032959928784,0,1032960055434,1032960055815,1032960056016,1032960172463,1032976595450,1032960053060,16666666,1032960298848,1032960318915,1032960359511,1032966903306,1032997894374,2986,210493,1032997894374,1032977441897,0,1032966903306,
0,85212,1033076595446,1033076595446,0,1033076895000,1033076895441,1033076900080,1033076954241,1033093262112,1033076892415,16666666,1033077065148,1033077080787,1033077121292,1033078241880,1033094598796,35525,234506,1033094598796,1033086852928,0,1033078241880,
0,85250,1033393262100,1033393262100,0,1033393462751,1033393462981,1033393467740,1033393538432,1033409928766,1033393461018,16666666,1033393694813,1033393855644,1033393909554,1033399209549,1033426734917,2685,142666,1033426734917,1033414283703,0,1033399209549,
0,85258,1033459928764,1033459928764,0,1033460243982,1033460244474,1033460244654,1033460331706,1033476595430,1033460240787,16666666,1033460498647,1033460519747,1033460569820,1033462638404,1033476779028,3006,165359,1033476779028,1033471913591,0,1033462638404,
0,85281,1033693262088,1033693262088,0,1033695896038,1033695896779,1033695901959,1033695972891,1033709928754,1033695892601,16666666,1033696169868,1033696190226,1033696243405,1033698820997,1033726914897,4058,310449,1033726914897,1033711193317,0,1033698820997,
0,85319,1033959928744,1033976595410,0,1033989474174,1033989474315,1033989474445,1033989539656,1033976595410,1033989472882,16666666,1033989662385,1033989680749,1033989730793,1033993313146,1034012120888,2345,162533,1034012120888,1034003456850,0,1033993313146,
0,85326,1033993262076,1033993262076,0,1033996073551,1033996073811,1033996077869,1033996109297,1034043262074,1033996072809,16666666,1033996202321,1034003476968,1034003533604,1034004991110,1034039501036,6441344,718289,1034032980694,1034039501036,0,1034004991110,
0,85350,1034309928730,1034309928730,0,1034310134721,1034310135532,1034310141684,1034310216594,1034326595396,1034310131004,16666666,1034310382974,1034310425373,1034310477459,1034313583866,1034327449878,2454,242371,1034327449878,1034324528944,0,1034313583866,
0,85373,1034459928724,1034459928724,0,1034460913330,1034460913821,1034460914012,1034460997497,1034476595390,1034460910074,16666666,1034461181500,1034461204052,1034461250198,1034462997184,1034478314731,2505,429020,1034478314731,1034474415914,0,1034462997184,
0,85396,1034626595384,1034626595384,0,1034627072878,1034627073218,1034627078317,1034627150572,1034643262050,1034627070893,16666666,1034627302025,1034627321902,1034627376232,1034631937982,1034660164720,2645,248242,1034660164720,1034647979460,0,1034631937982,
0,85427,1034926595372,1034926595372,0,1034926824567,1034926825208,1034926830628,1034926902792,1034943262038,1034926821801,16666666,1034927058312,1034927081295,1034927129685,1034928867193,1034943449778,3577,272828,1034943449778,1034940128260,0,1034928867193,
0,85435,1034959928704,1034959928704,0,1034960178778,1034960179409,1034960179600,1034960255381,1034976595370,1034960176674,16666666,1034960393198,1034960436819,1034960478907,1034962249357,1034976830311,2084,129311,1034976830311,1034970870734,0,1034962249357,
0,85473,1035209928694,1035209928694,0,1035210220223,1035210220394,1035210228018,1035210331120,1035226595360,1035210219232,16666666,1035210492370,1035210728982,1035210815252,1035228692287,1035237067488,2334,175947,1035237002878,1035237067488,0,1035228692287,
0,85488,1035243262026,1035243262026,0,1035243521065,1035243521626,1035243534951,1035245357879,1035259928692,1035243518801,16666666,1035246096465,1035246113867,1035246298421,1035261605719,1035277945359,2976,178843,1035277945359,1035271208996,0,1035261605719,
0,85502,1035259928692,1035259928692,0,1035261051756,1035261052027,1035261052187,1035261083325,1035309928690,1035261050985,16666666,1035261198871,1035271239724,1035271434677,1035273459611,1035294386871,13736560,151232,1035294386871,1035293129189,0,1035273459611,
0,85518,1035459928684,1035459928684,0,1035460239037,1035460239718,1035460239898,1035460316381,1035476595350,1035460235720,16666666,1035460469897,1035460538147,1035460597698,1035461704872,1035476838302,2694,159517,1035476838302,1035473214902,0,1035461704872,
---PROFILEDATA---


View hierarchy:

  com.ggufchat.app/com.ggufchat.app.MainActivity/android.view.ViewRootImpl@25fa7f1
  43 views, 70.44 kB of render nodes

  com.ggufchat.app/com.ggufchat.app.ChatActivity/android.view.ViewRootImpl@d4c1fd6
  41 views, 78.41 kB of render nodes


Total ViewRootImpl   : 2
Total attached Views : 84
Total RenderNode     : 148.84 kB (used) / 283.20 kB (capacity)