Applications Graphics Acceleration Info:
Uptime: 193812 Realtime: 193812

** Graphics info for pid 4675 [com.ggufchat.app] **

Stats since: 120965643283ns
Total frames rendered: 275
Janky frames: 264 (96.00%)
Janky frames (legacy): 75 (27.27%)
50th percentile: 17ms
90th percentile: 36ms
95th percentile: 48ms
99th percentile: 57ms
Number Missed Vsync: 10
Number High input latency: 4
Number Slow UI thread: 5
Number Slow bitmap uploads: 3
Number Slow issue draw commands: 262
Number Frame deadline missed: 264
Number Frame deadline missed (legacy): 74
HISTOGRAM: 5ms=0 6ms=0 7ms=0 8ms=0 9ms=0 10ms=1 11ms=0 12ms=0 13ms=3 14ms=1 15ms=4 16ms=105 17ms=49 18ms=15 19ms=16 20ms=4 21ms=6 22ms=3 23ms=1 24ms=0 25ms=2 26ms=0 27ms=2 28ms=0 29ms=1 30ms=0 31ms=1 32ms=22 34ms=10 36ms=6 38ms=1 40ms=0 42ms=2 44ms=1 46ms=1 48ms=13 53ms=2 57ms=1 61ms=0 65ms=1 69ms=1 73ms=0 77ms=0 81ms=0 85ms=0 89ms=0 93ms=0 97ms=0 101ms=0 105ms=0 109ms=0 113ms=0 117ms=0 121ms=0 125ms=0 129ms=0 133ms=0 150ms=0 200ms=0 250ms=0 300ms=0 350ms=0 400ms=0 450ms=0 500ms=0 550ms=0 600ms=0 650ms=0 700ms=0 750ms=0 800ms=0 850ms=0 900ms=0 950ms=0 1000ms=0 1050ms=0 1100ms=0 1150ms=0 1200ms=0 1250ms=0 1300ms=0 1350ms=0 1400ms=0 1450ms=0 1500ms=0 1550ms=0 1600ms=0 1650ms=0 1700ms=0 1750ms=0 1800ms=0 1850ms=0 1900ms=0 1950ms=0 2000ms=0 2050ms=0 2100ms=0 2150ms=0 2200ms=0 2250ms=0 2300ms=0 2350ms=0 2400ms=0 2450ms=0 2500ms=0 2550ms=0 2600ms=0 2650ms=0 2700ms=0 2750ms=0 2800ms=0 2850ms=0 2900ms=0 2950ms=0 3000ms=0 3050ms=0 3100ms=0 3150ms=0 3200ms=0 3250ms=0 3300ms=0 3350ms=0 3400ms=0 3450ms=0 3500ms=0 3550ms=0 3600ms=0 3650ms=0 3700ms=0 3750ms=0 3800ms=0 3850ms=0 3900ms=0 3950ms=0 4000ms=0 4050ms=0 4100ms=0 4150ms=0 4200ms=0 4250ms=0 4300ms=0 4350ms=0 4400ms=0 4450ms=0 4500ms=0 4550ms=0 4600ms=0 4650ms=0 4700ms=0 4750ms=0 4800ms=0 4850ms=0 4900ms=0 4950ms=0
50th gpu percentile: 16ms
90th gpu percentile: 4950ms
95th gpu percentile: 4950ms
99th gpu percentile: 4950ms
GPU HISTOGRAM: 1ms=0 2ms=0 3ms=0 4ms=0 5ms=0 6ms=0 7ms=0 8ms=1 9ms=2 10ms=2 11ms=10 12ms=11 13ms=18 14ms=33 15ms=40 16ms=78 17ms=11 18ms=9 19ms=4 20ms=3 21ms=1 22ms=3 23ms=2 24ms=6 25ms=4 4950ms=37

Pipeline=Skia (OpenGL)
Memory policy:
  Max surface area: 2073600
  Max resource usage: 99.53MB (x48)
  Background retention: 50% (altUiHidden = true)
  GPU Context timeout: 10
Contexts: 2 (stopped = 1)
CPU Caches:
  Glyph Cache: 64.13 KB (1 entry)
  Glyph Count: 22 
Total CPU memory usage:
  65671 bytes, 64.13 KB (0.00 bytes is purgeable)
GPU Caches:
  Other:
    Other: 13.67 KB (1 entry)
    Buffer Object: 464.00 bytes (2 entries)
    StencilAttachment: 36.00 KB (3 entries)
  Scratch:
    RenderTarget: 36.00 KB (2 entries)
    Texture: 2.00 MB (2 entries)
    Buffer Object: 144.00 KB (4 entries)
Total GPU memory usage:
  2332928 bytes, 2.22 MB (136.45 KB is purgeable)

GraphicBufferAllocator buffers:
        Handle |        Size |     W (Stride) x H | Layers |   Format |      Usage | Requestor
0x7c3638739880 |     unknown |  720 (   0) x 1280 |      1 |        1 | 0x     b00 | VRI[ChatActivity]#1(BLAST Consumer)1
0x7c36387399a0 |     unknown |  720 (   0) x 1280 |      1 |        1 | 0x     b00 | VRI[ChatActivity]#1(BLAST Consumer)1
0x7c36387477d0 |     unknown |  720 (   0) x 1280 |      1 |        1 | 0x     b00 | VRI[ChatActivity]#1(BLAST Consumer)1
Total allocated by GraphicBufferAllocator (estimate): 0.00 KB
GoldfishAllocator::dumpDebugInfo is not implemented
Profile data in ms:

	com.ggufchat.app/com.ggufchat.app.MainActivity/android.view.ViewRootImpl@9632126 (visibility=8)
Window: com.ggufchat.app/com.ggufchat.app.MainActivity
Stats since: 120965608198ns
Total frames rendered: 0
Janky frames: 0 (0.00%)
Janky frames (legacy): 0 (0.00%)
50th percentile: 4950ms
90th percentile: 4950ms
95th percentile: 4950ms
99th percentile: 4950ms
Number Missed Vsync: 0
Number High input latency: 0
Number Slow UI thread: 0
Number Slow bitmap uploads: 0
Number Slow issue draw commands: 0
Number Frame deadline missed: 0
Number Frame deadline missed (legacy): 0
HISTOGRAM: 5ms=0 6ms=0 7ms=0 8ms=0 9ms=0 10ms=0 11ms=0 12ms=0 13ms=0 14ms=0 15ms=0 16ms=0 17ms=0 18ms=0 19ms=0 20ms=0 21ms=0 22ms=0 23ms=0 24ms=0 25ms=0 26ms=0 27ms=0 28ms=0 29ms=0 30ms=0 31ms=0 32ms=0 34ms=0 36ms=0 38ms=0 40ms=0 42ms=0 44ms=0 46ms=0 48ms=0 53ms=0 57ms=0 61ms=0 65ms=0 69ms=0 73ms=0 77ms=0 81ms=0 85ms=0 89ms=0 93ms=0 97ms=0 101ms=0 105ms=0 109ms=0 113ms=0 117ms=0 121ms=0 125ms=0 129ms=0 133ms=0 150ms=0 200ms=0 250ms=0 300ms=0 350ms=0 400ms=0 450ms=0 500ms=0 550ms=0 600ms=0 650ms=0 700ms=0 750ms=0 800ms=0 850ms=0 900ms=0 950ms=0 1000ms=0 1050ms=0 1100ms=0 1150ms=0 1200ms=0 1250ms=0 1300ms=0 1350ms=0 1400ms=0 1450ms=0 1500ms=0 1550ms=0 1600ms=0 1650ms=0 1700ms=0 1750ms=0 1800ms=0 1850ms=0 1900ms=0 1950ms=0 2000ms=0 2050ms=0 2100ms=0 2150ms=0 2200ms=0 2250ms=0 2300ms=0 2350ms=0 2400ms=0 2450ms=0 2500ms=0 2550ms=0 2600ms=0 2650ms=0 2700ms=0 2750ms=0 2800ms=0 2850ms=0 2900ms=0 2950ms=0 3000ms=0 3050ms=0 3100ms=0 3150ms=0 3200ms=0 3250ms=0 3300ms=0 3350ms=0 3400ms=0 3450ms=0 3500ms=0 3550ms=0 3600ms=0 3650ms=0 3700ms=0 3750ms=0 3800ms=0 3850ms=0 3900ms=0 3950ms=0 4000ms=0 4050ms=0 4100ms=0 4150ms=0 4200ms=0 4250ms=0 4300ms=0 4350ms=0 4400ms=0 4450ms=0 4500ms=0 4550ms=0 4600ms=0 4650ms=0 4700ms=0 4750ms=0 4800ms=0 4850ms=0 4900ms=0 4950ms=0
50th gpu percentile: 4950ms
90th gpu percentile: 4950ms
95th gpu percentile: 4950ms
99th gpu percentile: 4950ms
GPU HISTOGRAM: 1ms=0 2ms=0 3ms=0 4ms=0 5ms=0 6ms=0 7ms=0 8ms=0 9ms=0 10ms=0 11ms=0 12ms=0 13ms=0 14ms=0 15ms=0 16ms=0 17ms=0 18ms=0 19ms=0 20ms=0 21ms=0 22ms=0 23ms=0 24ms=0 25ms=0 4950ms=0



---PROFILEDATA---
Flags,FrameTimelineVsyncId,IntendedVsync,Vsync,InputEventId,HandleInputStart,AnimationStart,PerformTraversalsStart,DrawStart,FrameDeadline,FrameInterval,FrameStartTime,SyncQueued,SyncStart,IssueDrawCommandsStart,SwapBuffers,FrameCompleted,DequeueBufferDuration,QueueBufferDuration,GpuCompleted,SwapBuffersCompleted,DisplayPresentTime,CommandSubmissionCompleted,
---PROFILEDATA---


	com.ggufchat.app/com.ggufchat.app.ChatActivity/android.view.ViewRootImpl@cb2e167 (visibility=0)
Window: com.ggufchat.app/com.ggufchat.app.ChatActivity
Stats since: 120965643223ns
Total frames rendered: 275
Janky frames: 264 (96.00%)
Janky frames (legacy): 75 (27.27%)
50th percentile: 17ms
90th percentile: 36ms
95th percentile: 48ms
99th percentile: 57ms
Number Missed Vsync: 10
Number High input latency: 4
Number Slow UI thread: 5
Number Slow bitmap uploads: 3
Number Slow issue draw commands: 262
Number Frame deadline missed: 264
Number Frame deadline missed (legacy): 74
HISTOGRAM: 5ms=0 6ms=0 7ms=0 8ms=0 9ms=0 10ms=1 11ms=0 12ms=0 13ms=3 14ms=1 15ms=4 16ms=105 17ms=49 18ms=15 19ms=16 20ms=4 21ms=6 22ms=3 23ms=1 24ms=0 25ms=2 26ms=0 27ms=2 28ms=0 29ms=1 30ms=0 31ms=1 32ms=22 34ms=10 36ms=6 38ms=1 40ms=0 42ms=2 44ms=1 46ms=1 48ms=13 53ms=2 57ms=1 61ms=0 65ms=1 69ms=1 73ms=0 77ms=0 81ms=0 85ms=0 89ms=0 93ms=0 97ms=0 101ms=0 105ms=0 109ms=0 113ms=0 117ms=0 121ms=0 125ms=0 129ms=0 133ms=0 150ms=0 200ms=0 250ms=0 300ms=0 350ms=0 400ms=0 450ms=0 500ms=0 550ms=0 600ms=0 650ms=0 700ms=0 750ms=0 800ms=0 850ms=0 900ms=0 950ms=0 1000ms=0 1050ms=0 1100ms=0 1150ms=0 1200ms=0 1250ms=0 1300ms=0 1350ms=0 1400ms=0 1450ms=0 1500ms=0 1550ms=0 1600ms=0 1650ms=0 1700ms=0 1750ms=0 1800ms=0 1850ms=0 1900ms=0 1950ms=0 2000ms=0 2050ms=0 2100ms=0 2150ms=0 2200ms=0 2250ms=0 2300ms=0 2350ms=0 2400ms=0 2450ms=0 2500ms=0 2550ms=0 2600ms=0 2650ms=0 2700ms=0 2750ms=0 2800ms=0 2850ms=0 2900ms=0 2950ms=0 3000ms=0 3050ms=0 3100ms=0 3150ms=0 3200ms=0 3250ms=0 3300ms=0 3350ms=0 3400ms=0 3450ms=0 3500ms=0 3550ms=0 3600ms=0 3650ms=0 3700ms=0 3750ms=0 3800ms=0 3850ms=0 3900ms=0 3950ms=0 4000ms=0 4050ms=0 4100ms=0 4150ms=0 4200ms=0 4250ms=0 4300ms=0 4350ms=0 4400ms=0 4450ms=0 4500ms=0 4550ms=0 4600ms=0 4650ms=0 4700ms=0 4750ms=0 4800ms=0 4850ms=0 4900ms=0 4950ms=0
50th gpu percentile: 16ms
90th gpu percentile: 4950ms
95th gpu percentile: 4950ms
99th gpu percentile: 4950ms
GPU HISTOGRAM: 1ms=0 2ms=0 3ms=0 4ms=0 5ms=0 6ms=0 7ms=0 8ms=1 9ms=2 10ms=2 11ms=10 12ms=11 13ms=18 14ms=33 15ms=40 16ms=78 17ms=11 18ms=9 19ms=4 20ms=3 21ms=1 22ms=3 23ms=2 24ms=6 25ms=4 4950ms=37



---PROFILEDATA---
Flags,FrameTimelineVsyncId,IntendedVsync,Vsync,InputEventId,HandleInputStart,AnimationStart,PerformTraversalsStart,DrawStart,FrameDeadline,FrameInterval,FrameStartTime,SyncQueued,SyncStart,IssueDrawCommandsStart,SwapBuffers,FrameCompleted,DequeueBufferDuration,QueueBufferDuration,GpuCompleted,SwapBuffersCompleted,DisplayPresentTime,CommandSubmissionCompleted,
0,15267,171343296582,171343296582,0,171344109214,171344109815,171344116137,171344187220,171359963248,171344105828,16666666,171344399805,171344429281,171344480747,171345946328,171360215521,4568,144269,171360215521,171354333596,0,171345946328,
0,15305,171609963238,171626629904,0,171635144426,171635144887,171635145157,171635215929,171626629904,171635141220,16666666,171635388280,171635862795,171635903570,171637051470,171652730689,2695,338671,171652672440,171652730689,0,171637051470,
0,15312,171643296570,171643296570,0,171643934331,171643934600,171643938949,171643975507,171676629902,171643933499,16666666,171644141977,171652754633,171652804947,171653553663,171687940699,19778726,3297156,171687579698,171687940699,0,171653553663,
0,15336,171943296558,171943296558,0,171943550584,171943551165,171943557086,171943680146,171959963224,171943547248,16666666,171943850333,171943872674,171943932647,171945749152,171960262287,2284,132767,171960262287,171957838943,0,171945749152,
0,15359,172109963218,172109963218,0,172110460508,172110461380,172110461560,172110537912,172126629884,172110457793,16666666,172110673936,172110694674,172110736532,172111724814,172127172659,2815,276615,172127172659,172126457451,0,172111724814,
0,15382,172276629878,172276629878,0,172278238604,172278239394,172278247590,172278365640,172293296544,172278235117,16666666,172278545666,172278568829,172278628520,172281272998,172293516166,2495,279811,172293516166,172288526516,0,172281272998,
0,15405,172559963200,172559963200,0,172560729755,172560730225,172560736778,172560811537,172576629866,172560726589,16666666,172560978098,172560999487,172561058036,172562493972,172577455017,2044,253723,172577455017,172571139224,0,172562493972,
0,15420,172609963198,172609963198,0,172610236960,172610237170,172610237341,172610319213,172626629864,172610235978,16666666,172610477638,172614364101,172614405538,172615567484,172662410063,2465,309597,172662410063,172646129199,0,172615567484,
0,15473,172859963188,172859963188,0,172860386787,172860387148,172860392308,172860460535,172876629854,172860385255,16666666,172861588226,172861755248,172861934832,172862908277,172893567435,2805,234998,172893567435,172877465246,0,172862908277,
0,15496,173126629844,173126629844,0,173128124874,173128125435,173128125605,173128217316,173143296510,173128121598,16666666,173128414353,173128439470,173128480426,173129924585,173143529371,3587,316170,173143529371,173139688422,0,173129924585,
0,15504,173176629842,173176629842,0,173177234025,173177234646,173177241910,173177318022,173193296508,173177231491,16666666,173177618351,173177641054,173177698441,173184513762,173197781862,2385,313024,173197781862,173193284718,0,173184513762,
0,15542,173476629830,173476629830,0,173476820892,173476821403,173476826803,173476900690,173493296496,173476819039,16666666,173477071740,173477093029,173477142752,173478445076,173493482353,2935,210593,173493482353,173487398180,0,173478445076,
0,15557,173609963158,173609963158,0,173610201948,173610202098,173610202238,173610268913,173626629824,173610200886,16666666,173610428811,173614093099,173614135258,173615849493,173628644228,2765,661085,173628644228,173624581259,0,173615849493,
0,15572,173759963152,173759963152,0,173760167705,173760168145,173760172754,173760279203,173776629818,173760165200,16666666,173760566628,173760581967,173760647850,173762239005,173776803597,2855,240708,173776803597,173771860134,0,173762239005,
0,15580,173776629818,173793296484,0,173802264078,173802264790,173802264960,173802385415,173809963150,173802260563,16666666,173802499738,173802525235,173802720529,173805239083,173826785458,2215,156472,173826785458,173810952934,0,173805239083,
0,15617,174059963140,174059963140,0,174060149601,174060149842,174060154821,174060225863,174076629806,174060148128,16666666,174060413553,174060435374,174060478804,174063642431,174076861667,2585,314817,174076861667,174073671792,0,174063642431,
0,15625,174126629804,174126629804,0,174126876218,174126877029,174126877240,174126960344,174143296470,174126873162,16666666,174127088904,174127111687,174127150229,174129404139,174145450494,2364,212848,174145450494,174139013257,0,174129404139,
0,15648,174376629794,174376629794,0,174376817328,174376817929,174376823740,174376895464,174393296460,174376814613,16666666,174377038630,174377058858,174377117949,174380272918,174393569098,2184,275524,174393569098,174389784828,0,174380272918,
0,15671,174626629784,174626629784,0,174626875638,174626876119,174626876320,174626954155,174643296450,174626872532,16666666,174627093754,174627113812,174627158526,174628807979,174643573455,3156,173023,174643573455,174641945831,0,174628807979,
0,15694,174693296448,174693296448,0,174693448343,174693448944,174693455416,174693532310,174709963114,174693445518,16666666,174693685886,174693710261,174693760665,174699211315,174713477586,2325,108733,174713477586,174709574532,0,174699211315,
0,15717,174993296436,174993296436,0,174993629725,174993630346,174993636107,174993709143,175009963102,174993626048,16666666,174994543728,174994566832,174994625280,174997597783,175015439855,2244,120144,175015439855,175009860504,0,174997597783,
0,15740,175126629764,175126629764,0,175126828026,175126828577,175126828757,175126903938,175143296430,175126825471,16666666,175127097308,175127119890,175127162740,175128743533,175146398224,2715,277708,175146398224,175138789303,0,175128743533,
0,15763,175293296424,175293296424,0,175293437106,175293437346,175293441364,175293498580,175309963090,175293435533,16666666,175293603866,175293617783,175293671042,175297094322,175313039523,2565,174304,175313039523,175307668098,0,175297094322,
0,15786,175593296412,175593296412,0,175593461836,175593462267,175593466505,175593529091,175609963078,175593458920,16666666,175593638535,175593653403,175593737349,175594637547,175610183911,2474,239267,175610183911,175603069131,0,175594637547,
0,15801,175643296410,175643296410,0,175643459095,175643459585,175643459766,175643532561,175659963076,175643456510,16666666,175643666651,175645347223,175645396726,175649479524,175668072386,4108,292695,175660080795,175668072386,0,175649479524,
0,15832,175959963064,175959963064,0,175960910198,175960910639,175960915798,175960969549,175976629730,175960907743,16666666,175961087408,175961104420,175961141669,175962635303,175978465887,2244,126525,175978465887,175973946202,0,175962635303,
0,15855,176143296390,176143296390,0,176143572853,176143573485,176143573674,176143645419,176159963056,176143569728,16666666,176143775160,176143795338,176143844590,176145777963,176164783997,1964,285472,176164783997,176158475016,0,176145777963,
0,15878,176343296382,176343296382,0,176343660321,176343660942,176343665391,176343725062,176359963048,176343657105,16666666,176344092316,176344863303,176344916983,176346507087,176363592556,73478,1986582,176363592556,176357159920,0,176346507087,
0,15908,176643296370,176643296370,0,176643606380,176643606951,176643607132,176643707028,176659963036,176643603676,16666666,176643827963,176643842200,176643878096,176647516828,176663785758,2685,515591,176663785758,176660176056,0,176647516828,
0,15925,176709963034,176709963034,0,176717268061,176717268632,176717306743,176717366465,176726629700,176717265317,16666666,176717508159,176736334257,176747452908,176760240259,176776973628,2655,139590,176776973628,176761947372,0,176760240259,
0,15955,177026629688,177026629688,0,177028834732,177028835313,177028885687,177029065021,177043296354,177028831276,16666666,177029351606,177029435351,177029495534,177030571148,177043613878,2726,272597,177043613878,177038461243,0,177030571148,
0,15978,177143296350,177143296350,0,177143817552,177143818414,177143818604,177143886141,177159963016,177143814367,16666666,177144092194,177172893994,177172964415,177174709658,177193508864,2655,281515,177193508864,177192559304,0,177174709658,
0,16001,177376629674,177376629674,0,177376822338,177376822918,177376827668,177376913567,177393296340,177376819361,16666666,177377059830,177378422723,177378587199,177386486481,177403012159,2675,521081,177402947910,177403012159,0,177386486481,
0,16024,177643296330,177643296330,0,177650583609,177650584220,177650584400,177650654151,177659962996,177650580223,16666666,177650798870,177650832643,177650877327,177651890505,177676842896,2725,280063,177676842896,177667043344,0,177651890505,
0,16047,177743296326,177743296326,0,177744782575,177744783066,177744788446,177744869347,177759962992,177744779660,16666666,177745007114,177745548683,177745593576,177749938747,177762013387,2945,1214063,177762013387,177758466199,0,177749938747,
0,16084,178109962978,178109962978,0,178110179075,178110179465,178110184514,178110324756,178126629644,178110177402,16666666,178110449078,178110543484,178110581946,178111525474,178126858900,1363,82504,178126858900,178120786784,0,178111525474,
0,16092,178159962976,178159962976,0,178161200665,178161201266,178161201486,178161298958,178176629642,178161197830,16666666,178161436214,178161535900,178161595711,178162838828,178178446853,2614,163765,178178446853,178174733596,0,178162838828,
0,16115,178459962964,178459962964,0,178460220407,178460220898,178460226629,178460317859,178476629630,178460217192,16666666,178460468249,178460496301,178460550663,178462891313,178493598663,2414,284520,178493598663,178476876967,0,178462891313,
0,16138,178659962956,178659962956,0,178660519459,178660520101,178660520301,178660584020,178676629622,178660516253,16666666,178660877336,178661610031,178661656258,178665746228,178677806637,2794,582024,178677806637,178675446429,0,178665746228,
0,16161,178809962950,178809962950,0,178812109086,178812109557,178812115307,178812191800,178826629616,178812105689,16666666,178812361806,178812385721,178812435814,178816454399,178843531103,2014,228045,178843531103,178829092693,0,178816454399,
0,16191,179093296272,179093296272,0,179093539029,179093539510,179093543717,179093606735,179109962938,179093536264,16666666,179093732369,179093744432,179093780139,179100146123,179111122639,1613,92643,179111122639,179107617226,0,179100146123,
0,16206,179159962936,179159962936,0,179160897019,179160897500,179160897681,179160970316,179176629602,179160894334,16666666,179161115196,179161143018,179161186209,179163474396,179177210933,3376,180767,179177210933,179171123328,0,179163474396,
0,16229,179426629592,179426629592,0,179427058909,179427059880,179427064639,179427120733,179443296258,179427056253,16666666,179427325996,179427417396,179427464173,179429992095,179460137098,2254,132567,179460137098,179447334355,0,179429992095,
0,16252,179659962916,179659962916,0,179660441695,179660442367,179660442557,179660548624,179676629582,179660438489,16666666,179660734811,179660761642,179660952678,179663473305,179694881630,2484,1033015,179694881630,179679370723,0,179663473305,
0,16275,179759962912,179759962912,0,179760304629,179760305020,179760310751,179760378958,179776629578,179760302065,16666666,179760524639,179760547592,179760595171,179762688722,179776966352,2385,196997,179776966352,179770212282,0,179762688722,
0,16298,180043296234,180043296234,0,180043841017,180043841998,180043846617,180043924943,180059962900,180043837910,16666666,180044121389,180044144642,180044195267,180047590154,180060271968,2375,118330,180060271968,180055543747,0,180047590154,
0,16321,180159962896,180159962896,0,180160142346,180160142677,180160142858,180160216525,180176629562,180160140312,16666666,180161287981,180161324269,180161368401,180165673234,180177596663,3827,379979,180177596663,180175495803,0,180165673234,
0,16344,180376629554,180376629554,0,180376835400,180376835870,180376841701,180376951786,180393296220,180376832864,16666666,180377099251,180377146139,180377196352,180379860527,180394061413,2254,154338,180394061413,180392854464,0,180379860527,
0,16367,180659962876,180659962876,0,180661884898,180661885690,180661890699,180661968574,180676629542,180661882113,16666666,180662125507,180662145945,180662204504,180663467668,180677421426,2604,131916,180677421426,180671525465,0,180663467668,
0,16375,180676629542,180676629542,0,180677502505,180677502955,180677503135,180677551075,180709962874,180677500742,16666666,180677717315,180677732704,180677784039,180704608273,180743530721,1663,165678,180743530721,180713076765,0,180704608273,
0,16414,180976629530,180976629530,0,180976965811,180976966202,180976971502,180977037164,180993296196,180976963266,16666666,180977190590,180977361526,180977425255,180984614361,180996409958,3025,523656,180996409958,180991452547,0,180984614361,
0,16437,181176629522,181176629522,0,181176796094,181176796776,181176796946,181176919645,181193296188,181176792699,16666666,181178012373,181178036719,181178085750,181182411645,181204071128,3386,252841,181204071128,181193436752,0,181182411645,
0,16445,181276629518,181276629518,0,181279392583,181279393144,181279398804,181279525140,181293296184,181279389367,16666666,181279768583,181279815100,181279872628,181283443025,181308575408,1954,134661,181308575408,181295012564,0,181283443025,
0,16459,181293296184,181293296184,0,181294629559,181294629800,181294629950,181294666027,181326629516,181294628408,16666666,181294706092,181295030046,181295095438,181305370194,181350791284,42019390,78306,181328523765,181350791284,0,181305370194,
0,16490,181576629506,181576629506,0,181577661937,181577662609,181577668981,181577733531,181593296172,181577659343,16666666,181577878170,181577930490,181577991333,181579144753,181593516044,2255,140132,181593516044,181586110204,0,181579144753,
0,16498,181676629502,181676629502,0,181676805158,181676805719,181676805909,181676866813,181693296168,181676802323,16666666,181676994471,181677013396,181677048853,181678785802,181695040778,2344,118320,181695040778,181686600836,0,181678785802,
0,16528,181893296160,181893296160,0,181893488577,181893489048,181893495770,181893564549,181909962826,181893485802,16666666,181893734506,181893755815,181893811078,181895633384,181927354500,2435,231471,181927354500,181910899185,0,181895633384,
0,16558,182176629482,182176629482,0,182177353441,182177353852,182177359583,182177434833,182193296148,182177350506,16666666,182177615049,182177640356,182177691502,182179000308,182193780563,2695,410055,182193780563,182186321502,0,182179000308,
0,16566,182193296148,182193296148,0,182194761805,182194762296,182194762486,182194830032,182226629480,182194760001,16666666,182195695144,182195716805,182195755707,182211474873,182227598779,3126,261577,182227598779,182222433175,0,182211474873,
0,16589,182459962804,182459962804,0,182460198379,182460199040,182460205162,182460301802,182476629470,182460195183,16666666,182460487348,182460508267,182460562317,182462465317,182476804768,2865,215889,182476804768,182474699835,0,182462465317,
0,16612,182693296128,182693296128,0,182695194057,182695228411,182695228702,182695296098,182709962794,182695191292,16666666,182695415680,182695434776,182695485670,182696897752,182714875913,2214,148597,182714875913,182708949713,0,182696897752,
0,16636,182776629458,182776629458,0,182777300103,182777300574,182777305313,182777370264,182793296124,182777297198,16666666,182777542325,182777566089,182777620330,182779155260,182793840659,2845,196556,182793840659,182786237490,0,182779155260,
0,16659,183059962780,183059962780,0,183061135788,183061136279,183061143402,183061247987,183076629446,183061132502,16666666,183061431108,183061457037,183061506559,183064656529,183093732780,2745,232182,183093732780,183077855723,0,183064656529,
0,16682,183193296108,183193296108,0,183193632090,183193632781,183193633062,183193718721,183209962774,183193628052,16666666,183193872097,183193896433,183194915843,183199076166,183214135151,3355,394426,183214135151,183208332226,0,183199076166,
0,16705,183376629434,183376629434,0,183378099475,183378100136,183378105135,183378167672,183393296100,183378097501,16666666,183378359279,183378379156,183378432696,183382261033,183395814299,3897,245238,183395814299,183393582993,0,183382261033,
0,16728,183643296090,183643296090,0,183643877027,183643877808,183643883980,183643957497,183659962756,183643873701,16666666,183644226939,183644271963,183644328018,183645532853,183660256255,2444,157223,183660256255,183657391164,0,183645532853,
0,16736,183693296088,183693296088,0,183693484710,183693485211,183693485361,183693550662,183709962754,183693482386,16666666,183693687317,183694112752,183694211947,183697227107,183726815971,2655,129572,183726815971,183711424847,0,183697227107,
0,16765,183909962746,183909962746,0,183910591568,183910592169,183910597489,183910668481,183926629412,183910588652,16666666,183910853095,183911011509,183915503790,183917395707,183948868892,1673,140873,183948868892,183926608537,0,183917395707,
0,16796,184193296068,184193296068,0,184193493876,184193494316,184193494517,184193577972,184209962734,184193491391,16666666,184193724175,184193747318,184193791650,184195678938,184210330967,2835,241179,184210330967,184208652660,0,184195678938,
0,16804,184243296066,184243296066,0,184243508720,184243509261,184243515242,184243590241,184259962732,184243506065,16666666,184243824388,184243869793,184243917582,184245429547,184260720133,2855,449448,184260720133,184256288584,0,184245429547,
0,16827,184493296056,184493296056,0,184493550085,184493550626,184493555195,184493680659,184509962722,184493546930,16666666,184493969787,184493989484,184494057671,184497370425,184511537605,3547,262299,184511537605,184505994067,0,184497370425,
0,16842,184509962722,184509962722,0,184513334384,184513334574,184513334734,184513409794,184543296054,184513333041,16666666,184513506154,184513616439,184513651675,184542596297,184578361105,2445,183521,184578361105,184557830280,0,184542596297,
0,16858,184693296048,184693296048,0,184693471200,184693471821,184693472001,184693531893,184709962714,184693468404,16666666,184694334840,184694357141,184694437771,184697978129,184713213053,2534,125533,184713213053,184708456571,0,184697978129,
0,16881,184826629376,184826629376,0,184827335117,184827335558,184827339915,184827395980,184843296042,184827332531,16666666,184827560987,184827639846,184827691443,184830947649,184845661563,2324,323873,184845661563,184843054041,0,184830947649,
0,16919,185126629364,185143296030,0,185146915592,185146916163,185146925831,185146997495,185143296030,185146912737,16666666,185147152704,185147631616,185147810299,185150890613,185162549809,2374,194282,185162549809,185159614111,0,185150890613,
0,16927,185193296028,185193296028,0,185193466418,185193467038,185193467179,185193561735,185209962694,185193463823,16666666,185193680707,185193696727,185193731241,185195347907,185210197559,2886,187169,185210197559,185207975809,0,185195347907,
0,16950,185443296018,185443296018,0,185443574575,185443575126,185443581118,185443654424,185459962684,185443571409,16666666,185443803361,185443826034,185443877390,185445258704,185460225089,2705,139089,185460225089,185455626737,0,185445258704,
0,16973,185693296008,185693296008,0,185693477565,185693478116,185693478286,185693557174,185709962674,185693474569,16666666,185693703847,185693727932,185693795267,185695670081,185710234875,4368,306752,185710234875,185704127463,0,185695670081,
0,16996,185743296006,185759962672,0,185762302703,185762303273,185762311649,185762383363,185759962672,185762300438,16666666,185762603173,185763119435,185763262711,185765454770,185780637300,2906,1232847,185780637300,185775690285,0,185765454770,
0,17019,186026629328,186026629328,0,186026945088,186026945468,186026949826,186027012383,186043295994,186026943214,16666666,186027199011,186027227464,186027272988,186028880634,186045493037,2395,249765,186045493037,186040820978,0,186028880634,
0,17042,186193295988,186193295988,0,186193454923,186193455343,186193455524,186193542105,186209962654,186193452879,16666666,186193729895,186193751435,186193799825,186195511132,186210100854,2624,165930,186210100854,186204819960,0,186195511132,
0,17057,186343295982,186343295982,0,186344374394,186344375246,186344390424,186344494367,186359962648,186344371619,16666666,186344621404,186344638436,186344677759,186347251526,186363053183,3186,303165,186363053183,186359856776,0,186347251526,
0,17089,186643295970,186643295970,0,186643488568,186643489209,186643496392,186643569899,186659962636,186643485352,16666666,186643730158,186643751107,186643802263,186645404879,186658665182,2825,398833,186658590042,186658665182,0,186645404879,
0,17097,186693295968,186693295968,0,186694324717,186694325238,186694325408,186694405688,186709962634,186694321541,16666666,186694639163,186694659551,186694777150,186700739229,186726806435,3036,193109,186726806435,186712581254,0,186700739229,
0,17135,186959962624,186959962624,0,186960492476,186960492797,186960497686,186960663635,186976629290,186960490804,16666666,186960787266,186961970221,186962022328,186982312324,187010634515,2945,193922,187010634515,186995993953,0,186982312324,
0,17158,187193295948,187193295948,0,187193494727,187193495468,187193495668,187193570979,187209962614,187193492583,16666666,187193708085,187193727010,187193770671,187196997946,187210693620,2635,344201,187210603572,187210693620,0,187196997946,
0,17166,187293295944,187293295944,0,187293507468,187293508099,187293513389,187293578370,187309962610,187293503831,16666666,187293694196,187293781316,187293852700,187300274810,187310347670,1803,146714,187310347670,187309329816,0,187300274810,
0,17204,187609962598,187609962598,0,187610130909,187610162868,187610167867,187610233079,187626629264,187610128134,16666666,187610365105,187610385753,187610429715,187611628379,187631250383,2395,280855,187631250383,187623829230,0,187611628379,
0,17212,187693295928,187693295928,0,187693549886,187693550577,187693550898,187693622341,187709962594,187693546119,16666666,187693770127,187693791727,187693841730,187695648267,187710702874,2865,281515,187710702874,187706226291,0,187695648267,
0,17235,187926629252,187926629252,0,187927790367,187927790958,187927796258,187927867581,187943295918,187927786680,16666666,187928068445,187928091347,187928184131,187929965430,187945290839,3536,281364,187945290839,187940953418,0,187929965430,
0,17274,188193295908,188193295908,0,188193937043,188193937343,188193937533,188194009117,188209962574,188193935480,16666666,188194173623,188194239876,188194284009,188196139559,188213264063,1944,160099,188213264063,188207162265,0,188196139559,
0,17282,188209962574,188209962574,0,188210183863,188210184224,188210188522,188210233175,188243295906,188210182681,16666666,188210372404,188210461343,188210511337,188211509647,188243464397,295601,194983,188243464397,188241906123,0,188211509647,
0,17320,188559962560,188559962560,0,188561915105,188561915446,188561922109,188562023006,188576629226,188561912901,16666666,188562204485,188579645870,188579695171,188583113632,188594965991,2765,292225,188594965991,188592578402,0,188583113632,
0,17328,188693295888,188693295888,0,188693498877,188693499408,188693499589,188693574248,188709962554,188693495702,16666666,188693706104,188693725770,188693763290,188695591236,188710725833,2504,278529,188710725833,188704784728,0,188695591236,
0,17351,188876629214,188876629214,0,188877361024,188877361694,188877395969,188878024941,188893295880,188877357637,16666666,188878204806,188878226817,188878322244,188880270836,188893824428,1743,100547,188893824428,188891790195,0,188880270836,
0,17389,189176629202,189176629202,0,189176764684,189176764985,189176771336,189176843020,189193295868,189176762600,16666666,189176994282,189177017495,189177066497,189181738263,189210912915,3387,202688,189210912915,189194805705,0,189181738263,
0,17397,189209962534,189209962534,0,189210957276,189210957646,189210957807,189211057292,189243295866,189210955101,16666666,189211222570,189211240754,189211364344,189231092310,189245790153,256658,1054225,189245046287,189245790153,0,189231092310,
0,17420,189493295856,189493295856,0,189493569775,189493570456,189493575626,189493644775,189509962522,189493566630,16666666,189493792781,189493832535,189493880935,189496260069,189526983397,3096,265075,189526983397,189515500937,0,189496260069,
0,17443,189709962514,189709962514,0,189710199450,189710200071,189710200251,189710272175,189726629180,189710196334,16666666,189710460095,189710483109,189710527231,189712461145,189745191584,2654,497117,189745191584,189731446197,0,189712461145,
0,17466,189793295844,189793295844,0,189793541634,189793542065,189793546584,189793642072,189809962510,189793539621,16666666,189793777815,189793795448,189793842315,189815834191,189843552151,2626,212537,189843552151,189831597758,0,189815834191,
0,17489,190093295832,190093295832,0,190093469655,190093470086,190093475086,190093585298,190109962498,190093466730,16666666,190093729377,190093751338,190093803715,190096609957,190110419279,2664,178583,190110419279,190106375703,0,190096609957,
0,17512,190226629160,190226629160,0,190226794146,190226794426,190226794607,190226871099,190243295826,190226792192,16666666,190226989630,190227007293,190227042910,190229048467,190244376454,3537,291042,190244162184,190244376454,0,190229048467,
0,17535,190426629152,190426629152,0,190426822556,190426822827,190426827676,190426895953,190443295818,190426820562,16666666,190427035192,190427067773,190427161548,190428593156,190443510264,2395,195424,190443510264,190437039753,0,190428593156,
0,17558,190726629140,190726629140,0,190726845989,190726846821,190726852861,190726924405,190743295806,190726843014,16666666,190727089313,190727148212,190727200660,190728909076,190743482186,3336,314536,190743482186,190738657655,0,190728909076,
0,17566,190743295806,190759962472,0,190769021343,190769022114,190769022285,190769195317,190776629138,190769017406,16666666,190769405679,190769573341,190769708032,190772688537,190793513428,3307,243805,190793513428,190788652028,0,190772688537,
0,17603,191026629128,191026629128,0,191026791780,191026792061,191026796689,191026866539,191043295794,191026789947,16666666,191027030435,191027051424,191027134007,191030999943,191060226760,2384,218577,191060226760,191048533670,0,191030999943,
0,17626,191243295786,191243295786,0,191246217808,191246218119,191246218320,191246292838,191259962452,191246215675,16666666,191246423531,191246443419,191246488393,191247835654,191278073266,3677,289409,191278073266,191272631244,0,191247835654,
0,17634,191343295782,191343295782,0,191343505941,191343506773,191343511532,191343574249,191359962448,191343503147,16666666,191343709751,191343768493,191343820080,191345449927,191361209989,2415,295180,191361209989,191355868241,0,191345449927,
0,17672,191659962436,191659962436,0,191660337291,191660337663,191660342972,191660409526,191676629102,191660335288,16666666,191660552002,191660570667,191660633283,191665234118,191677317548,3116,1710878,191677317548,191675329031,0,191665234118,
0,17680,191743295766,191743295766,0,191743884389,191743884800,191743884980,191743971411,191759962432,191743881273,16666666,191744222540,191744246494,191744297428,191746358009,191760917979,2094,2280280,191760917979,191756925939,0,191746358009,
0,17703,191959962424,191959962424,0,191960183577,191960184489,191960189197,191960262194,191976629090,191960180592,16666666,191960422793,191960445846,191960497362,191965317996,191977120786,2345,133729,191977120786,191972527315,0,191965317996,
0,17741,192243295746,192243295746,0,192243419857,192243420127,192243420318,192243491190,192259962412,192243417944,16666666,192243612426,192243629177,192243669523,192247703059,192260765474,2194,152585,192260765474,192255065681,0,192247703059,
0,17749,192276629078,192276629078,0,192278251475,192278252076,192278260071,192278342845,192293295744,192278247697,16666666,192278528250,192278554169,192278608621,192284710429,192296307265,2955,165067,192296307265,192292673650,0,192284710429,
0,17772,192576629066,192576629066,0,192576828705,192576829296,192576836730,192576907713,192593295732,192576825429,16666666,192577062541,192577127853,192577175641,192579655774,192594562616,2484,187459,192594562616,192588536093,0,192579655774,
0,17795,192743295726,192743295726,0,192743512757,192743513368,192743513688,192743601582,192759962392,192743509431,16666666,192743761640,192743784443,192743833224,192745913985,192776791004,2694,425132,192776791004,192760412653,0,192745913985,
0,17818,192876629054,192876629054,0,192876801463,192876801844,192876806863,192876864611,192893295720,192876799179,16666666,192877001657,192877054024,192877110089,192878006459,192893447096,3406,614545,192893447096,192885711419,0,192878006459,
0,17833,192893295720,192893295720,0,192893492192,192893492633,192893511097,192894437344,192926629052,192893490048,16666666,192895147677,192895167344,192895399266,192912602939,192925900241,2624,125584,192925900241,192918673132,0,192912602939,
0,17840,192909962386,192909962386,0,192910113399,192910113620,192910113769,192910147322,192943295718,192910112537,16666666,192910200912,192918695413,192918837848,192919740370,192948201933,22204632,78396,192943834121,192948201933,0,192919740370,
0,17864,193243295706,193243295706,0,193243503189,193243503790,193243503940,193243570795,193259962372,193243500504,16666666,193243684456,193243745717,193243806551,193244685940,193260203038,3276,276967,193260203038,193250475440,0,193244685940,
0,17872,193743295686,193743295686,0,193743477557,193743478139,193743478319,193743544973,193759962352,193743474311,16666666,193743700252,193743719709,193743755074,193744696719,193760217305,2815,157885,193760217305,193751963953,0,193744696719,
---PROFILEDATA---


View hierarchy:

  com.ggufchat.app/com.ggufchat.app.MainActivity/android.view.ViewRootImpl@9632126
  28 views, 47.80 kB of render nodes

  com.ggufchat.app/com.ggufchat.app.ChatActivity/android.view.ViewRootImpl@cb2e167
  41 views, 78.41 kB of render nodes


Total ViewRootImpl   : 2
Total attached Views : 69
Total RenderNode     : 126.20 kB (used) / 260.55 kB (capacity)