Applications Graphics Acceleration Info:
Uptime: 488074 Realtime: 488074

** Graphics info for pid 8164 [com.ggufchat.app] **

Stats since: 436577420683ns
Total frames rendered: 234
Janky frames: 222 (94.87%)
Janky frames (legacy): 89 (38.03%)
50th percentile: 18ms
90th percentile: 40ms
95th percentile: 48ms
99th percentile: 53ms
Number Missed Vsync: 7
Number High input latency: 7
Number Slow UI thread: 3
Number Slow bitmap uploads: 1
Number Slow issue draw commands: 222
Number Frame deadline missed: 222
Number Frame deadline missed (legacy): 86
HISTOGRAM: 5ms=0 6ms=0 7ms=1 8ms=0 9ms=1 10ms=0 11ms=1 12ms=0 13ms=1 14ms=2 15ms=3 16ms=62 17ms=36 18ms=18 19ms=11 20ms=5 21ms=6 22ms=3 23ms=3 24ms=0 25ms=2 26ms=0 27ms=0 28ms=0 29ms=1 30ms=4 31ms=4 32ms=25 34ms=13 36ms=5 38ms=3 40ms=2 42ms=2 44ms=3 46ms=0 48ms=14 53ms=1 57ms=0 61ms=0 65ms=1 69ms=0 73ms=0 77ms=1 81ms=0 85ms=0 89ms=0 93ms=0 97ms=0 101ms=0 105ms=0 109ms=0 113ms=0 117ms=0 121ms=0 125ms=0 129ms=0 133ms=0 150ms=0 200ms=0 250ms=0 300ms=0 350ms=0 400ms=0 450ms=0 500ms=0 550ms=0 600ms=0 650ms=0 700ms=0 750ms=0 800ms=0 850ms=0 900ms=0 950ms=0 1000ms=0 1050ms=0 1100ms=0 1150ms=0 1200ms=0 1250ms=0 1300ms=0 1350ms=0 1400ms=0 1450ms=0 1500ms=0 1550ms=0 1600ms=0 1650ms=0 1700ms=0 1750ms=0 1800ms=0 1850ms=0 1900ms=0 1950ms=0 2000ms=0 2050ms=0 2100ms=0 2150ms=0 2200ms=0 2250ms=0 2300ms=0 2350ms=0 2400ms=0 2450ms=0 2500ms=0 2550ms=0 2600ms=0 2650ms=0 2700ms=0 2750ms=0 2800ms=0 2850ms=0 2900ms=0 2950ms=0 3000ms=0 3050ms=0 3100ms=0 3150ms=0 3200ms=0 3250ms=0 3300ms=0 3350ms=0 3400ms=0 3450ms=0 3500ms=0 3550ms=0 3600ms=0 3650ms=0 3700ms=0 3750ms=0 3800ms=0 3850ms=0 3900ms=0 3950ms=0 4000ms=0 4050ms=0 4100ms=0 4150ms=0 4200ms=0 4250ms=0 4300ms=0 4350ms=0 4400ms=0 4450ms=0 4500ms=0 4550ms=0 4600ms=0 4650ms=0 4700ms=0 4750ms=0 4800ms=0 4850ms=0 4900ms=0 4950ms=0
50th gpu percentile: 16ms
90th gpu percentile: 4950ms
95th gpu percentile: 4950ms
99th gpu percentile: 4950ms
GPU HISTOGRAM: 1ms=0 2ms=0 3ms=0 4ms=0 5ms=0 6ms=0 7ms=2 8ms=1 9ms=1 10ms=3 11ms=4 12ms=9 13ms=18 14ms=23 15ms=41 16ms=36 17ms=9 18ms=7 19ms=3 20ms=3 21ms=2 22ms=3 23ms=4 24ms=5 25ms=4 4950ms=56

Pipeline=Skia (OpenGL)
Memory policy:
  Max surface area: 2073600
  Max resource usage: 99.53MB (x48)
  Background retention: 50% (altUiHidden = true)
  GPU Context timeout: 10
Contexts: 2 (stopped = 1)
CPU Caches:
  Glyph Cache: 69.21 KB (1 entry)
  Glyph Count: 22 
Total CPU memory usage:
  70874 bytes, 69.21 KB (0.00 bytes is purgeable)
GPU Caches:
  Other:
    Other: 13.67 KB (1 entry)
    Buffer Object: 464.00 bytes (2 entries)
    StencilAttachment: 36.00 KB (3 entries)
  Scratch:
    RenderTarget: 36.00 KB (2 entries)
    Texture: 2.00 MB (2 entries)
    Buffer Object: 144.00 KB (4 entries)
Total GPU memory usage:
  2332928 bytes, 2.22 MB (136.45 KB is purgeable)

GraphicBufferAllocator buffers:
        Handle |        Size |     W (Stride) x H | Layers |   Format |      Usage | Requestor
0x7c36387349c0 |     unknown |  720 (   0) x 1280 |      1 |        1 | 0x     b00 | VRI[ChatActivity]#1(BLAST Consumer)1
0x7c3638734d20 |     unknown |  720 (   0) x 1280 |      1 |        1 | 0x     b00 | VRI[ChatActivity]#1(BLAST Consumer)1
0x7c36387396d0 |     unknown |  720 (   0) x 1280 |      1 |        1 | 0x     b00 | VRI[ChatActivity]#1(BLAST Consumer)1
Total allocated by GraphicBufferAllocator (estimate): 0.00 KB
GoldfishAllocator::dumpDebugInfo is not implemented
Profile data in ms:

	com.ggufchat.app/com.ggufchat.app.MainActivity/android.view.ViewRootImpl@b5d22d (visibility=8)
Window: com.ggufchat.app/com.ggufchat.app.MainActivity
Stats since: 436577182849ns
Total frames rendered: 0
Janky frames: 0 (0.00%)
Janky frames (legacy): 0 (0.00%)
50th percentile: 4950ms
90th percentile: 4950ms
95th percentile: 4950ms
99th percentile: 4950ms
Number Missed Vsync: 0
Number High input latency: 0
Number Slow UI thread: 0
Number Slow bitmap uploads: 0
Number Slow issue draw commands: 0
Number Frame deadline missed: 0
Number Frame deadline missed (legacy): 0
HISTOGRAM: 5ms=0 6ms=0 7ms=0 8ms=0 9ms=0 10ms=0 11ms=0 12ms=0 13ms=0 14ms=0 15ms=0 16ms=0 17ms=0 18ms=0 19ms=0 20ms=0 21ms=0 22ms=0 23ms=0 24ms=0 25ms=0 26ms=0 27ms=0 28ms=0 29ms=0 30ms=0 31ms=0 32ms=0 34ms=0 36ms=0 38ms=0 40ms=0 42ms=0 44ms=0 46ms=0 48ms=0 53ms=0 57ms=0 61ms=0 65ms=0 69ms=0 73ms=0 77ms=0 81ms=0 85ms=0 89ms=0 93ms=0 97ms=0 101ms=0 105ms=0 109ms=0 113ms=0 117ms=0 121ms=0 125ms=0 129ms=0 133ms=0 150ms=0 200ms=0 250ms=0 300ms=0 350ms=0 400ms=0 450ms=0 500ms=0 550ms=0 600ms=0 650ms=0 700ms=0 750ms=0 800ms=0 850ms=0 900ms=0 950ms=0 1000ms=0 1050ms=0 1100ms=0 1150ms=0 1200ms=0 1250ms=0 1300ms=0 1350ms=0 1400ms=0 1450ms=0 1500ms=0 1550ms=0 1600ms=0 1650ms=0 1700ms=0 1750ms=0 1800ms=0 1850ms=0 1900ms=0 1950ms=0 2000ms=0 2050ms=0 2100ms=0 2150ms=0 2200ms=0 2250ms=0 2300ms=0 2350ms=0 2400ms=0 2450ms=0 2500ms=0 2550ms=0 2600ms=0 2650ms=0 2700ms=0 2750ms=0 2800ms=0 2850ms=0 2900ms=0 2950ms=0 3000ms=0 3050ms=0 3100ms=0 3150ms=0 3200ms=0 3250ms=0 3300ms=0 3350ms=0 3400ms=0 3450ms=0 3500ms=0 3550ms=0 3600ms=0 3650ms=0 3700ms=0 3750ms=0 3800ms=0 3850ms=0 3900ms=0 3950ms=0 4000ms=0 4050ms=0 4100ms=0 4150ms=0 4200ms=0 4250ms=0 4300ms=0 4350ms=0 4400ms=0 4450ms=0 4500ms=0 4550ms=0 4600ms=0 4650ms=0 4700ms=0 4750ms=0 4800ms=0 4850ms=0 4900ms=0 4950ms=0
50th gpu percentile: 4950ms
90th gpu percentile: 4950ms
95th gpu percentile: 4950ms
99th gpu percentile: 4950ms
GPU HISTOGRAM: 1ms=0 2ms=0 3ms=0 4ms=0 5ms=0 6ms=0 7ms=0 8ms=0 9ms=0 10ms=0 11ms=0 12ms=0 13ms=0 14ms=0 15ms=0 16ms=0 17ms=0 18ms=0 19ms=0 20ms=0 21ms=0 22ms=0 23ms=0 24ms=0 25ms=0 4950ms=0



---PROFILEDATA---
Flags,FrameTimelineVsyncId,IntendedVsync,Vsync,InputEventId,HandleInputStart,AnimationStart,PerformTraversalsStart,DrawStart,FrameDeadline,FrameInterval,FrameStartTime,SyncQueued,SyncStart,IssueDrawCommandsStart,SwapBuffers,FrameCompleted,DequeueBufferDuration,QueueBufferDuration,GpuCompleted,SwapBuffersCompleted,DisplayPresentTime,CommandSubmissionCompleted,
---PROFILEDATA---


	com.ggufchat.app/com.ggufchat.app.ChatActivity/android.view.ViewRootImpl@f426362 (visibility=0)
Window: com.ggufchat.app/com.ggufchat.app.ChatActivity
Stats since: 436577420392ns
Total frames rendered: 234
Janky frames: 222 (94.87%)
Janky frames (legacy): 89 (38.03%)
50th percentile: 18ms
90th percentile: 40ms
95th percentile: 48ms
99th percentile: 53ms
Number Missed Vsync: 7
Number High input latency: 7
Number Slow UI thread: 3
Number Slow bitmap uploads: 1
Number Slow issue draw commands: 222
Number Frame deadline missed: 222
Number Frame deadline missed (legacy): 86
HISTOGRAM: 5ms=0 6ms=0 7ms=1 8ms=0 9ms=1 10ms=0 11ms=1 12ms=0 13ms=1 14ms=2 15ms=3 16ms=62 17ms=36 18ms=18 19ms=11 20ms=5 21ms=6 22ms=3 23ms=3 24ms=0 25ms=2 26ms=0 27ms=0 28ms=0 29ms=1 30ms=4 31ms=4 32ms=25 34ms=13 36ms=5 38ms=3 40ms=2 42ms=2 44ms=3 46ms=0 48ms=14 53ms=1 57ms=0 61ms=0 65ms=1 69ms=0 73ms=0 77ms=1 81ms=0 85ms=0 89ms=0 93ms=0 97ms=0 101ms=0 105ms=0 109ms=0 113ms=0 117ms=0 121ms=0 125ms=0 129ms=0 133ms=0 150ms=0 200ms=0 250ms=0 300ms=0 350ms=0 400ms=0 450ms=0 500ms=0 550ms=0 600ms=0 650ms=0 700ms=0 750ms=0 800ms=0 850ms=0 900ms=0 950ms=0 1000ms=0 1050ms=0 1100ms=0 1150ms=0 1200ms=0 1250ms=0 1300ms=0 1350ms=0 1400ms=0 1450ms=0 1500ms=0 1550ms=0 1600ms=0 1650ms=0 1700ms=0 1750ms=0 1800ms=0 1850ms=0 1900ms=0 1950ms=0 2000ms=0 2050ms=0 2100ms=0 2150ms=0 2200ms=0 2250ms=0 2300ms=0 2350ms=0 2400ms=0 2450ms=0 2500ms=0 2550ms=0 2600ms=0 2650ms=0 2700ms=0 2750ms=0 2800ms=0 2850ms=0 2900ms=0 2950ms=0 3000ms=0 3050ms=0 3100ms=0 3150ms=0 3200ms=0 3250ms=0 3300ms=0 3350ms=0 3400ms=0 3450ms=0 3500ms=0 3550ms=0 3600ms=0 3650ms=0 3700ms=0 3750ms=0 3800ms=0 3850ms=0 3900ms=0 3950ms=0 4000ms=0 4050ms=0 4100ms=0 4150ms=0 4200ms=0 4250ms=0 4300ms=0 4350ms=0 4400ms=0 4450ms=0 4500ms=0 4550ms=0 4600ms=0 4650ms=0 4700ms=0 4750ms=0 4800ms=0 4850ms=0 4900ms=0 4950ms=0
50th gpu percentile: 16ms
90th gpu percentile: 4950ms
95th gpu percentile: 4950ms
99th gpu percentile: 4950ms
GPU HISTOGRAM: 1ms=0 2ms=0 3ms=0 4ms=0 5ms=0 6ms=0 7ms=2 8ms=1 9ms=1 10ms=3 11ms=4 12ms=9 13ms=18 14ms=23 15ms=41 16ms=36 17ms=9 18ms=7 19ms=3 20ms=3 21ms=2 22ms=3 23ms=4 24ms=5 25ms=4 4950ms=56



---PROFILEDATA---
Flags,FrameTimelineVsyncId,IntendedVsync,Vsync,InputEventId,HandleInputStart,AnimationStart,PerformTraversalsStart,DrawStart,FrameDeadline,FrameInterval,FrameStartTime,SyncQueued,SyncStart,IssueDrawCommandsStart,SwapBuffers,FrameCompleted,DequeueBufferDuration,QueueBufferDuration,GpuCompleted,SwapBuffersCompleted,DisplayPresentTime,CommandSubmissionCompleted,
0,39172,466159951456,466176618122,0,466181139088,466181140130,466181140311,466181210691,466193284788,466181136463,16666666,466181295199,466181397951,466181435841,466182711348,466210087118,2546,113842,466210087118,466198173955,0,466182711348,
0,39195,466443284778,466443284778,0,466443481300,466443482112,466443482302,466443561830,466459951444,466443478595,16666666,466443741135,466443764418,466443811907,466445564872,466461132985,51406,514088,466461132985,466454684548,0,466445564872,
0,39210,466493284776,466493284776,0,466493447809,466493448320,466493454061,466493521857,466509951442,466493444754,16666666,466493754701,466494038520,466494081020,466501837207,466512005605,2225,257821,466512005605,466509343566,0,466501837207,
0,39242,466776618098,466776618098,0,466776850629,466776851070,466776855679,466776926050,466793284764,466776848526,16666666,466777108350,466777175726,466777223675,466779768901,466793883383,2615,273499,466793883383,466789934175,0,466779768901,
0,39265,466943284758,466943284758,0,466943506272,466943506842,466943507022,466943623209,466959951424,466943503797,16666666,466943784871,466943808404,466943856714,466944947487,466960451096,3456,725121,466960275909,466960451096,0,466944947487,
0,39273,467076618086,467076618086,0,467077721427,467077721977,467077726977,467077792709,467093284752,467077682864,16666666,467077996589,467078017228,467078070818,467082021648,467097569549,3076,381912,467097439615,467097569549,0,467082021648,
0,39310,467376618074,467376618074,0,467377076730,467377077140,467377082270,467377148553,467393284740,467377074005,16666666,467377304554,467377325523,467377371389,467383248069,467410096738,3406,274912,467410096738,467395106536,0,467383248069,
0,39318,467443284738,467443284738,0,467443481423,467443481954,467443482085,467443552716,467459951404,467443478478,16666666,467443726690,467443749063,467443813562,467445518700,467460216706,2294,159076,467460216706,467455339967,0,467445518700,
0,39341,467676618062,467676618062,0,467677878403,467677878974,467677885566,467677960265,467693284728,467677875728,16666666,467678135832,467678159116,467678211033,467679290876,467693534529,2424,140783,467693534529,467686512844,0,467679290876,
0,39379,467943284718,467943284718,0,467943690312,467943690653,467943690793,467943771814,467959951384,467943688219,16666666,467943909531,467943936060,467943978870,467945473315,467960213884,3116,194261,467960213884,467952355106,0,467945473315,
0,39387,467993284716,467993284716,0,467993689560,467993690071,467993695040,467993759771,468009951382,467993687045,16666666,467993909841,467993928685,467993971415,467994919271,468010129629,3466,236551,468010129629,468003797227,0,467994919271,
0,39410,468276618038,468276618038,0,468277658266,468277658737,468277664098,468277732355,468293284704,468277655822,16666666,468278202100,468278227458,468278282981,468281021765,468294108745,2655,306672,468294108745,468293126675,0,468281021765,
0,39433,468443284698,468443284698,0,468443503997,468443504728,468443504899,468443623770,468459951364,468443500821,16666666,468443775423,468443799889,468443846846,468445690223,468464858795,1983,284891,468464858795,468459892805,0,468445690223,
0,39456,468609951358,468609951358,0,468610176021,468610176892,468610181291,468610244208,468626618024,468610173697,16666666,468610394608,468610415558,468610459349,468612383545,468627738852,2284,205483,468627738852,468620989243,0,468612383545,
0,39479,468876618014,468876618014,0,468876851457,468876851898,468876856196,468876957665,468893284680,468876849162,16666666,468877203754,468877218581,468877261341,468879987792,468893752405,2285,123060,468893752405,468889472608,0,468879987792,
0,39494,468893284680,468909951346,0,468912304277,468912304608,468912304758,468912370411,468926618012,468912302404,16666666,468912450159,468915430283,468915597104,468922816389,468960333408,2304,206446,468960333408,468949329721,0,468922816389,
0,39510,468959951344,468959951344,0,468960492386,468960492827,468960492967,468960591341,468993284676,468960489961,16666666,468960723437,468980825859,468980888225,468982948776,468993793156,1894,163494,468993793156,468989190358,0,468982948776,
0,39533,469226618000,469226618000,0,469227717697,469227718298,469227723998,469227792116,469243284666,469227714982,16666666,469227955490,469227975768,469228110188,469233333996,469246362117,2845,2968361,469246225973,469246362117,0,469233333996,
0,39556,469459951324,469459951324,0,469460294444,469460294925,469460295115,469460367891,469476617990,469460291789,16666666,469460503664,469460520866,469460630620,469461660820,469496684252,1793,250337,469496684252,469484405189,0,469461660820,
0,39579,469559951320,469559951320,0,469560140913,469560141414,469560146754,469560212006,469576617986,469560138178,16666666,469560340435,469560360572,469560406388,469565475004,469579445435,2394,1900169,469579445435,469574698413,0,469565475004,
0,39602,469843284642,469843284642,0,469843523436,469843524037,469843531320,469843634052,469859951308,469843520460,16666666,469843787237,469843813396,469843866475,469846377515,469863420417,2244,225300,469863339516,469863420417,0,469846377515,
0,39625,469959951304,469959951304,0,469960744259,469960744589,469960744830,469960831551,469976617970,469960741454,16666666,469960984276,469961006988,469961056200,469962939934,469977031733,2274,180697,469977031733,469969061307,0,469962939934,
0,39648,470143284630,470143284630,0,470143565096,470143565666,470143571948,470143695719,470159951296,470143563102,16666666,470143941607,470143964850,470144056681,470148369129,470162465339,2354,193901,470162465339,470158904072,0,470148369129,
0,39671,470426617952,470426617952,0,470430386228,470430386699,470430392650,470430463603,470443284618,470430383253,16666666,470430645832,470430672762,470430732714,470431987089,470443762615,4138,289580,470443762615,470439786796,0,470431987089,
0,39679,470459951284,470459951284,0,470462186393,470462186965,470462187154,470462275880,470476617950,470462183448,16666666,470463634071,470463653027,470463708530,470466730492,470493598405,2435,191938,470493598405,470480376143,0,470466730492,
0,39717,470726617940,470726617940,0,470726850439,470726850809,470726856370,470726919878,470743284606,470726848405,16666666,470727085437,470727103600,470727147532,470747026209,470777842631,2365,131586,470777842631,470757759292,0,470747026209,
0,39740,470959951264,470959951264,0,470960570556,470960571037,470960571228,470960653711,470976617930,470960567420,16666666,470960802890,470960824549,470960871236,470963474909,470993448871,2224,112320,470993448871,470982383781,0,470963474909,
0,39748,471026617928,471026617928,0,471026827430,471026827670,471026832900,471026889716,471043284594,471026825366,16666666,471027006032,471027021562,471027058550,471031715810,471043454455,2365,120655,471043454455,471039424005,0,471031715810,
0,39778,471309951250,471309951250,0,471310156395,471310156816,471310160833,471310223941,471326617916,471310153810,16666666,471310345037,471310361697,471310407002,471314213987,471348700135,2113,201205,471348700135,471327959234,0,471314213987,
0,39794,471459951244,471459951244,0,471460165112,471460166425,471460166595,471460248307,471476617910,471460162608,16666666,471460381565,471460401864,471460445595,471461500571,471473986902,3066,925384,471473837263,471473986902,0,471461500571,
0,39817,471626617904,471626617904,0,471626876929,471626877470,471626882268,471626945286,471643284570,471626874154,16666666,471627074216,471627098121,471627134870,471629241265,471644325607,2835,342900,471644325607,471637211910,0,471629241265,
0,39855,471926617892,471943284558,0,471944583897,471944584319,471944592133,471944669176,471943284558,471944580983,16666666,471944884228,471945925649,471945984298,471947430433,471973610644,2856,3746291,471973610644,471961477542,0,471947430433,
0,39862,471959951224,471959951224,0,471961099277,471961099557,471961099718,471961157596,471993284556,471961097975,16666666,471961264676,471961499092,471961669810,471962981465,472036353606,62656783,147234,472009470224,472036353606,0,471962981465,
0,39886,472226617880,472226617880,0,472226880035,472226880537,472226886888,472226961137,472243284546,472226876810,16666666,472227128619,472227153345,472227204100,472231439623,472260142133,2535,123971,472260142133,472243220729,0,472231439623,
0,39909,472459951204,472459951204,0,472460298512,472460298972,472460299153,472460372910,472476617870,472460295455,16666666,472460544359,472460566791,472460611295,472466734396,472496584727,3105,266717,472496584727,472479966436,0,472466734396,
0,39932,472543284534,472543284534,0,472556095034,472556095265,472556102088,472556170936,472559951200,472556093301,16666666,472556318250,472570978135,472571035381,472572294388,472593699820,2315,184744,472593699820,472581896493,0,472572294388,
0,39955,472859951188,472859951188,0,472860151855,472860152497,472860157466,472860221736,472876617854,472860149201,16666666,472860353181,472860392183,472860436256,472862131455,472876801366,2254,178172,472876801366,472869716220,0,472862131455,
0,39978,472959951184,472959951184,0,472960085068,472960085459,472960085649,472960199691,472976617850,472960082864,16666666,472960323993,472960341737,472960382372,472962703159,472977898829,2024,98784,472977898829,472970315747,0,472962703159,
0,40001,473176617842,473176617842,0,473176807470,473176807800,473176814343,473176888300,473193284508,473176805105,16666666,473177052567,473177092551,473177144639,473180602493,473193470414,3507,298205,473193470414,473192300303,0,473180602493,
0,40024,473476617830,473476617830,0,473476826795,473476827707,473476827877,473476910292,473493284496,473476823329,16666666,473477058919,473477081811,473477131143,473479728534,473493545043,3627,1481721,473492410569,473493545043,0,473479728534,
0,40032,473493284496,473509951162,0,473513169719,473513170160,473513178325,473513247534,473509951162,473513167475,16666666,473513400459,473513534800,473513608687,473515709693,473533725899,2484,543353,473533663834,473533725899,0,473515709693,
0,40069,473793284484,473793284484,0,473793456151,473793456603,473793460960,473793556017,473809951150,473793454439,16666666,473793688334,473793707440,473793759777,473798670930,473826932664,2574,192248,473826932664,473811077211,0,473798670930,
0,40092,473976617810,473976617810,0,473976778192,473976778572,473976778743,473976853012,473993284476,473976776448,16666666,473976995817,473977013961,473977083591,473981071113,473993431531,2354,208028,473993431531,473987156215,0,473981071113,
0,40100,474109951138,474109951138,0,474111526208,474111526909,474111533292,474111607840,474126617804,474111522821,16666666,474111771055,474111795930,474111846455,474113132221,474127593743,2223,225531,474127593743,474123343321,0,474113132221,
0,40138,474393284460,474393284460,0,474394143735,474394144066,474394148053,474394204027,474409951126,474394142132,16666666,474394310445,474394324592,474394366370,474395456060,474410294437,1973,108973,474410294437,474405330956,0,474395456060,
0,40146,474476617790,474476617790,0,474476884558,474476885039,474476885230,474476960911,474493284456,474476881593,16666666,474477101173,474477129275,474477175210,474480307591,474493660256,2916,274612,474493660256,474490447618,0,474480307591,
0,40169,474709951114,474709951114,0,474710163584,474710164086,474710170948,474710241029,474726617780,474710160890,16666666,474710392712,474710416165,474710501004,474713542512,474726862053,3756,127598,474726862053,474723873305,0,474713542512,
0,40207,474976617770,474976617770,0,474976896390,474976896761,474976896932,474976964978,474993284436,474976894837,16666666,474977130627,474977146687,474977187903,474994132402,475010105528,2424,175356,475010105528,475000223624,0,474994132402,
0,40215,475043284434,475043284434,0,475043531393,475043531904,475043537574,475043602335,475059951100,475043529139,16666666,475043750531,475043770269,475043822776,475047984442,475060299366,2455,171770,475060299366,475054902285,0,475047984442,
0,40238,475343284422,475343284422,0,475343541564,475343542176,475343547846,475343619289,475359951088,475343538779,16666666,475343779798,475343800396,475343861541,475345205157,475361408635,2404,151111,475361408635,475353428490,0,475345205157,
0,40261,475476617750,475476617750,0,475476813633,475476814674,475476814995,475476901376,475493284416,475476810287,16666666,475477063107,475477087102,475477138979,475480614016,475497871046,2284,1363792,475497871046,475492927343,0,475480614016,
0,40284,475643284410,475643284410,0,475644112363,475644112814,475644117682,475644181191,475659951076,475644110480,16666666,475644322525,475644496749,475644544468,475646893806,475676791667,2414,266817,475676791667,475660687714,0,475646893806,
0,40307,475943284398,475943284398,0,475943928252,475943928953,475943933681,475944119368,475959951064,475943925536,16666666,475944380995,475944400311,475944503484,475945748935,475961726287,3246,251388,475961726287,475954593408,0,475945748935,
0,40322,475959951064,475959951064,0,475961781595,475961781975,475961782145,475961830055,475993284396,475961780542,16666666,475961928989,475961944338,475961968513,475985102927,476011868760,2284,127508,476011868760,475996284634,0,475985102927,
0,40329,475976617730,475976617730,0,475976760841,475976761121,475976761312,475976803320,476043284394,475976759889,16666666,475976950705,475996306825,475996381524,476006136544,476036655602,21080677,160239,476034838839,476036655602,0,476006136544,
0,40360,476276617718,476276617718,0,476276788742,476276789163,476276794212,476276862820,476293284384,476276787089,16666666,476277025984,476277044849,476277100473,476283611848,476293606585,2395,283408,476293606585,476292943389,0,476283611848,
0,40383,476476617710,476476617710,0,476477521430,476477521801,476477522001,476477598754,476493284376,476477519316,16666666,476477742882,476477765976,476477810729,476482090868,476493460026,2425,253312,476493460026,476487482877,0,476482090868,
0,40398,476576617706,476576617706,0,476577655668,476577655888,476577660567,476577788275,476593284372,476577654796,16666666,476577959323,476582134705,476582180500,476585746596,476610313211,1924,175647,476610313211,476598565106,0,476585746596,
0,40428,476843284362,476843284362,0,476844607629,476844607999,476844614001,476844688530,476859951028,476844605405,16666666,476844873213,476844901687,476844951820,476847480185,476877143577,3185,248023,476877143577,476861559582,0,476847480185,
0,40443,476976617690,476976617690,0,476978491485,476978491725,476978491886,476978563780,476993284356,476978489511,16666666,476978714891,476982153590,476982201308,476983695023,477011544274,2324,139289,477011544274,476998826204,0,476983695023,
0,40458,477143284350,477143284350,0,477144785712,477144786174,477144793477,477144867926,477159951016,477144783188,16666666,477145050446,477145072828,477145132569,477147564361,477164708254,3136,287896,477164643914,477164708254,0,477147564361,
0,40496,477459951004,477459951004,0,477462539033,477462539424,477462547108,477462622939,477476617670,477462536638,16666666,477462811741,477462832641,477462943517,477464758470,477482551783,2845,150740,477482551783,477476593336,0,477464758470,
0,40504,477476617670,477476617670,0,477476833754,477476834104,477476834275,477476877154,477509951002,477476832681,16666666,477476993942,477477007678,477477031272,477478559723,477516194118,26380875,165970,477513900394,477516194118,0,477478559723,
0,40527,477743284326,477743284326,0,477743662714,477743663335,477743668935,477743738044,477759950992,477743660079,16666666,477743906658,477743929841,477744028936,477748404411,477760345998,1733,107821,477760345998,477756253922,0,477748404411,
0,40550,477976617650,477976617650,0,477976866163,477976866724,477976866895,477976951583,477993284316,477976862898,16666666,477977111010,477977134133,477977183485,477979743463,478010658607,2244,108723,478010658607,477997244980,0,477979743463,
0,40572,478059950980,478059950980,0,478060141341,478060141973,478060146742,478060216692,478076617646,478060139638,16666666,478060391908,478060451867,478060501390,478062198873,478093450709,3397,191216,478093450709,478077354879,0,478062198873,
0,40595,478359950968,478359950968,0,478360302631,478360303142,478360307811,478360372020,478376617634,478360300156,16666666,478360578936,478360648238,478360766668,478363039664,478393492636,2935,320508,478393492636,478380347791,0,478363039664,
0,40618,478476617630,478476617630,0,478476802441,478476802832,478476803032,478476886578,478493284296,478476800558,16666666,478477032210,478477052146,478477100938,478478887996,478495858813,2395,189894,478495858813,478491003745,0,478478887996,
0,40641,478659950956,478659950956,0,478660187857,478660188238,478660193157,478660261013,478676617622,478660186314,16666666,478660460154,478660479972,478660535114,478663832642,478679826820,3006,279670,478679826820,478676259509,0,478663832642,
0,40664,478943284278,478943284278,0,478943526412,478943527013,478943535019,478943614406,478959950944,478943522815,16666666,478943811554,478943835809,478943887325,478947181224,478961511568,2855,296313,478961511568,478955023620,0,478947181224,
0,40672,478993284276,478993284276,0,478993526516,478993527338,478993527518,478993611244,479009950942,478993523661,16666666,478993765531,478993785038,478993839039,478998841870,479011451612,2284,155860,479011451612,479009821301,0,478998841870,
0,40710,479259950932,479259950932,0,479260875365,479260875645,479260880874,479261022869,479276617598,479260873310,16666666,479261280509,479261298573,479261351151,479263204185,479290837604,2805,132367,479290837604,479277143844,0,479263204185,
0,40717,479276617598,479276617598,0,479277472315,479277473247,479277473428,479277549770,479309950930,479277384432,16666666,479277693578,479277711892,479277774569,479279760790,479315261452,24326055,88495,479314979246,479315261452,0,479279760790,
0,40741,479493284256,479493284256,0,479493632050,479493632531,479493632701,479493714884,479509950922,479493629635,16666666,479494783896,479494807951,479494856712,479497747446,479510137518,2444,575433,479510137518,479505206628,0,479497747446,
0,40749,479593284252,479593284252,0,479594057407,479594057937,479594063959,479594135111,479609950918,479594054651,16666666,479594353619,479594375209,479594657134,479603030029,479626799798,2464,135933,479626799798,479617430868,0,479603030029,
0,40786,479876617574,479876617574,0,479876995328,479876995719,479877003364,479877078874,479893284240,479876992874,16666666,479877239624,479877268347,479877321937,479881407373,479910910024,2645,241641,479910910024,479896639450,0,479881407373,
0,40794,479993284236,479993284236,0,479993880807,479993881739,479993881929,479993965325,480009950902,479993877390,16666666,479994120584,479994142986,479994194702,479995454359,480010563829,2324,143788,480010563829,480008658718,0,479995454359,
0,40818,480176617562,480176617562,0,480177296171,480177297083,480177304517,480177414752,480193284228,480177292845,16666666,480177570913,480177593555,480178682936,480181109908,480194138580,3046,285421,480194138580,480190671849,0,480181109908,
0,40856,480476617550,480476617550,0,480479358469,480479358759,480479363749,480479467762,480493284216,480479356876,16666666,480479595781,480479617261,480479662746,480482088266,480495628731,3267,178793,480495628731,480491966316,0,480482088266,
0,40864,480493284216,480493284216,0,480498513407,480498513858,480498514039,480498581454,480526617548,480498511123,16666666,480498691278,480498706998,480498766619,480511626238,480526769761,2535,152724,480526769761,480518414128,0,480511626238,
0,40887,480776617538,480776617538,0,480776802616,480776803116,480776808215,480776869520,480793284204,480776800030,16666666,480776986508,480777002438,480777046730,480778101887,480791726411,1733,304598,480791665337,480791726411,0,480778101887,
0,40910,480993284196,480993284196,0,480993571924,480993572386,480993572566,480993648848,481009950862,480993568999,16666666,480993779051,480993798827,480993836538,480995578414,481016495930,3647,265796,481016495930,481006773909,0,480995578414,
0,40933,481109950858,481109950858,0,481110112150,481110113162,481110118743,481110190306,481126617524,481110109285,16666666,481110338152,481110388505,481110449048,481112639511,481128133776,3397,252230,481128133776,481122647061,0,481112639511,
0,40956,481393284180,481393284180,0,481396202777,481396203388,481396209049,481396283387,481409950846,481396198960,16666666,481396473942,481396494741,481396556075,481397917015,481424308840,3596,15720477,481412580369,481424308840,0,481397917015,
0,40979,481493284176,481493284176,0,481493490863,481493491584,481493491764,481493577514,481509950842,481493488318,16666666,481493728015,481493750767,481493807684,481498553708,481512105131,3587,376392,481512105131,481509579287,0,481498553708,
0,41002,481709950834,481709950834,0,481712068360,481712068630,481712073730,481712141556,481726617500,481712066416,16666666,481712280976,481713287019,481713405188,481716845510,481727839222,2244,123340,481727839222,481724764649,0,481716845510,
0,41025,481993284156,481993284156,0,481993478446,481993479028,481993483656,481993555069,482009950822,481993475471,16666666,481993705870,481993728472,481993780008,481995261056,482011455119,2044,204160,482011455119,482006997118,0,481995261056,
0,41033,482009950822,482026617488,0,482032765875,482032766697,482032766887,482032854661,482043284154,482032762489,16666666,482033014819,482033143519,482033289802,482034733118,482061303047,2625,249877,482061303047,482057467862,0,482034733118,
0,41072,482293284144,482293284144,0,482293822359,482293822880,482293827980,482294068768,482309950810,482293820406,16666666,482294216584,482294236481,482294321380,482296673610,482310141223,2816,183332,482310141223,482306046821,0,482296673610,
0,41095,482509950802,482509950802,0,482510144448,482510144899,482510145089,482510222884,482526617468,482510142214,16666666,482510429599,482510453644,482510500752,482516086001,482544241363,2975,263119,482544241363,482535546679,0,482516086001,
0,41103,482609950798,482609950798,0,482610228356,482610228898,482610233566,482610296443,482626617464,482610225732,16666666,482610456963,482610479715,482610516884,482611811287,482626859642,2555,116357,482626859642,482620070670,0,482611811287,
0,41141,482909950786,482909950786,0,482910113299,482910113610,482910118889,482910188299,482926617452,482910111826,16666666,482910388592,482910412968,482910462670,482913213439,482943438218,3135,599768,482943438218,482927205726,0,482913213439,
0,41149,483009950782,483009950782,0,483010176094,483010176665,483010176815,483010262354,483026617448,483010172607,16666666,483010448751,483010473758,483010525935,483012322677,483026862002,2745,151783,483026862002,483023051832,0,483012322677,
0,41172,483226617440,483226617440,0,483227880706,483227881507,483227886818,483227963510,483243284106,483227877690,16666666,483228169925,483228217153,483228269961,483229931167,483243638674,2505,160298,483243638674,483240530231,0,483229931167,
0,41210,483509950762,483509950762,0,483510593430,483510593841,483510594001,483510674942,483526617428,483510590955,16666666,483510820062,483510865427,483510911002,483513916441,483540797468,2725,179184,483540797468,483528065921,0,483513916441,
0,41217,483526617428,483526617428,0,483526778214,483526778464,483526784064,483526834217,483543284094,483526776580,16666666,483526955584,483528086169,483528129529,483529789102,461560672881,55190018,131495,461560672881,483596283839,0,483529789102,
0,41241,483843284082,483843284082,0,483843623539,483843624080,483843630101,483843700373,483859950748,483843620363,16666666,483843859159,483843883013,483843931614,483846261526,483865713528,1985,1451085,483865652534,483865713528,0,483846261526,
0,41263,484009950742,484009950742,0,484010224990,484010225531,484010225722,484010301984,484026617408,484010222005,16666666,484010475277,484010498660,484010544095,484013372165,484043490977,2645,208569,484043490977,484026836268,0,484013372165,
0,41286,484159950736,484159950736,0,484160429232,484160429602,484160435804,484160504993,484176617402,484160426657,16666666,484160648530,484160674809,484160732537,484162731692,484176853659,2865,291743,484176853659,484171093149,0,484162731692,
0,41309,484426617392,484426617392,0,484426902804,484426903215,484426909186,484426975550,484443284058,484426900119,16666666,484427132853,484427155114,484427202543,484429472363,484460229153,3126,367275,484460229153,484449630681,0,484429472363,
0,41332,484526617388,484526617388,0,484526978750,484526979261,484526979582,484527474675,484543284054,484526976386,16666666,484527626447,484527649179,484527735230,484531548657,484542581779,2795,299008,484542430017,484542581779,0,484531548657,
0,41363,484759950712,484759950712,0,484760243367,484760243677,484760250140,484760348864,484776617378,484760241914,16666666,484760520504,484760537255,484760580205,484786368256,484811519411,3817,255245,484811519411,484796598230,0,484786368256,
0,41386,485026617368,485026617368,0,485026782221,485026783173,485026783362,485026913455,485043284034,485026779114,16666666,485027067602,485027105663,485027156538,485029437166,485043828006,2375,302293,485043828006,485035633997,0,485029437166,
0,41401,485076617366,485076617366,0,485076778816,485076779257,485076783805,485076841964,485093284032,485076776532,16666666,485076957288,485077149337,485077181126,485085936425,485127388648,2554,221222,485127388648,485120572435,0,485085936425,
0,41432,485359950688,485359950688,0,485360121696,485360121947,485360126044,485360183591,485376617354,485360119973,16666666,485360339121,485360355863,485360397721,485363042673,485377445205,2555,250427,485377445205,485374026954,0,485363042673,
0,41455,485526617348,485526617348,0,485526786818,485526787109,485526787280,485526860937,485543284014,485526785336,16666666,485526994526,485527014162,485527057794,485528548101,485543488251,2284,231050,485543488251,485536187385,0,485528548101,
0,41470,485676617342,485676617342,0,485676923902,485676924082,485676929573,485677001436,485693284008,485676922790,16666666,485677182324,485680223141,485680267844,485691052667,485730577988,4127,395878,485730206316,485730577988,0,485691052667,
0,41501,485993283996,485993283996,0,485993502361,485993502842,485993509875,485993594843,486009950662,485993500097,16666666,485993751846,485993775380,485993824672,485995000463,486012528437,2936,242292,486012528437,486003708061,0,485995000463,
0,41509,486026617328,486026617328,0,486027056112,486027056503,486027056683,486027116675,486043283994,486027054650,16666666,486027223975,486027238753,486027272555,486031533348,486060372839,2344,174234,486060372839,486043749014,0,486031533348,
0,41547,486309950650,486326617316,0,486333508019,486333508620,486333517246,486333641628,486326617316,486333504933,16666666,486333831782,486333909166,486334100202,486337445968,486360248163,2805,225329,486360248163,486347371796,0,486337445968,
0,41570,486543283974,486543283974,0,486543553306,486543553797,486543553978,486543669573,486559950640,486543551633,16666666,486543868032,486543888812,486543967638,486553686631,486576747199,2494,158726,486576747199,486569951614,0,486553686631,
0,41578,486626617304,486626617304,0,486626821601,486626822122,486626826951,486626890028,486643283970,486626819006,16666666,486627029248,486627054304,486627098507,486630505576,486643449851,2475,107761,486643449851,486637135343,0,486630505576,
0,41616,486959950624,486959950624,0,486960304585,486960305055,486960309754,486960376759,486976617290,486960301789,16666666,486960519145,486960537148,486960590507,486963910555,486979232189,2544,258482,486979232189,486976329172,0,486963910555,
0,41624,487043283954,487043283954,0,487043626141,487043626743,487043626923,487043705970,487059950620,487043623426,16666666,487043846111,487043866369,487043910802,487047434426,487060197652,2675,278769,487060197652,487053090687,0,487047434426,
0,41647,487259950612,487259950612,0,487260840175,487260840686,487260844863,487262249291,487276617278,487260837840,16666666,487262433093,487262453271,487262506780,487263732605,487276771719,2704,287876,487276771719,487271954851,0,487263732605,
0,41685,487526617268,487526617268,0,487527451130,487527451291,487527456550,487527516903,487543283934,487527450108,16666666,487527647556,487527706386,487527748354,487542731127,487549729740,2294,216543,487549672173,487549729740,0,487542731127,
0,41692,487543283934,487543283934,0,487546549523,487546550165,487546550365,487546608323,487576617266,487546547369,16666666,487546724840,487549749707,487550193104,487551053537,487576718256,19574979,354701,487576718256,487576334451,0,487551053537,
0,41707,487559950600,487559950600,0,487560194023,487560194463,487560210443,487561120890,487609950598,487560191968,16666666,487562224206,487576360459,487576455166,487595164233,487610046852,2195,105627,487610046852,487602043734,0,487595164233,
0,41722,487576617266,487576617266,0,487580139544,487580139945,487580140125,487580206629,487643283930,487580137771,16666666,487580364824,487602070785,487602119666,487603026987,487630111315,18797905,138078,487629993616,487630111315,0,487603026987,
0,41739,488043283914,488043283914,0,488043518845,488043519366,488043519506,488043587693,488059950580,488043516320,16666666,488043737031,488043757239,488043792855,488044918774,488060222700,2455,123190,488060222700,488052546189,0,488044918774,
---PROFILEDATA---


View hierarchy:

  com.ggufchat.app/com.ggufchat.app.MainActivity/android.view.ViewRootImpl@b5d22d
  48 views, 77.98 kB of render nodes

  com.ggufchat.app/com.ggufchat.app.ChatActivity/android.view.ViewRootImpl@f426362
  41 views, 78.41 kB of render nodes


Total ViewRootImpl   : 2
Total attached Views : 89
Total RenderNode     : 156.39 kB (used) / 290.74 kB (capacity)