Applications Graphics Acceleration Info:
Uptime: 817306 Realtime: 817306

** Graphics info for pid 11899 [com.ggufchat.app] **

Stats since: 764803511029ns
Total frames rendered: 236
Janky frames: 228 (96.61%)
Janky frames (legacy): 83 (35.17%)
50th percentile: 18ms
90th percentile: 46ms
95th percentile: 48ms
99th percentile: 57ms
Number Missed Vsync: 18
Number High input latency: 6
Number Slow UI thread: 5
Number Slow bitmap uploads: 1
Number Slow issue draw commands: 228
Number Frame deadline missed: 228
Number Frame deadline missed (legacy): 80
HISTOGRAM: 5ms=0 6ms=0 7ms=0 8ms=0 9ms=0 10ms=0 11ms=0 12ms=1 13ms=1 14ms=3 15ms=0 16ms=63 17ms=39 18ms=24 19ms=13 20ms=8 21ms=0 22ms=1 23ms=1 24ms=0 25ms=0 26ms=0 27ms=1 28ms=1 29ms=1 30ms=1 31ms=0 32ms=31 34ms=14 36ms=4 38ms=0 40ms=2 42ms=0 44ms=2 46ms=3 48ms=17 53ms=1 57ms=2 61ms=1 65ms=1 69ms=0 73ms=0 77ms=0 81ms=0 85ms=0 89ms=0 93ms=0 97ms=0 101ms=0 105ms=0 109ms=0 113ms=0 117ms=0 121ms=0 125ms=0 129ms=0 133ms=0 150ms=0 200ms=0 250ms=0 300ms=0 350ms=0 400ms=0 450ms=0 500ms=0 550ms=0 600ms=0 650ms=0 700ms=0 750ms=0 800ms=0 850ms=0 900ms=0 950ms=0 1000ms=0 1050ms=0 1100ms=0 1150ms=0 1200ms=0 1250ms=0 1300ms=0 1350ms=0 1400ms=0 1450ms=0 1500ms=0 1550ms=0 1600ms=0 1650ms=0 1700ms=0 1750ms=0 1800ms=0 1850ms=0 1900ms=0 1950ms=0 2000ms=0 2050ms=0 2100ms=0 2150ms=0 2200ms=0 2250ms=0 2300ms=0 2350ms=0 2400ms=0 2450ms=0 2500ms=0 2550ms=0 2600ms=0 2650ms=0 2700ms=0 2750ms=0 2800ms=0 2850ms=0 2900ms=0 2950ms=0 3000ms=0 3050ms=0 3100ms=0 3150ms=0 3200ms=0 3250ms=0 3300ms=0 3350ms=0 3400ms=0 3450ms=0 3500ms=0 3550ms=0 3600ms=0 3650ms=0 3700ms=0 3750ms=0 3800ms=0 3850ms=0 3900ms=0 3950ms=0 4000ms=0 4050ms=0 4100ms=0 4150ms=0 4200ms=0 4250ms=0 4300ms=0 4350ms=0 4400ms=0 4450ms=0 4500ms=0 4550ms=0 4600ms=0 4650ms=0 4700ms=0 4750ms=0 4800ms=0 4850ms=0 4900ms=0 4950ms=0
50th gpu percentile: 16ms
90th gpu percentile: 4950ms
95th gpu percentile: 4950ms
99th gpu percentile: 4950ms
GPU HISTOGRAM: 1ms=0 2ms=0 3ms=0 4ms=0 5ms=0 6ms=0 7ms=1 8ms=0 9ms=0 10ms=1 11ms=5 12ms=9 13ms=15 14ms=33 15ms=26 16ms=57 17ms=11 18ms=7 19ms=5 20ms=1 21ms=1 22ms=2 23ms=6 24ms=1 25ms=3 4950ms=52

Pipeline=Skia (OpenGL)
Memory policy:
  Max surface area: 2073600
  Max resource usage: 99.53MB (x48)
  Background retention: 50% (altUiHidden = true)
  GPU Context timeout: 10
Contexts: 2 (stopped = 1)
CPU Caches:
  Glyph Cache: 63.30 KB (1 entry)
  Glyph Count: 22 
Total CPU memory usage:
  64819 bytes, 63.30 KB (0.00 bytes is purgeable)
GPU Caches:
  Other:
    Other: 13.67 KB (1 entry)
    Buffer Object: 464.00 bytes (2 entries)
    StencilAttachment: 36.00 KB (3 entries)
  Scratch:
    RenderTarget: 36.00 KB (2 entries)
    Texture: 2.00 MB (2 entries)
    Buffer Object: 144.00 KB (4 entries)
Total GPU memory usage:
  2332928 bytes, 2.22 MB (136.45 KB is purgeable)

GraphicBufferAllocator buffers:
        Handle |        Size |     W (Stride) x H | Layers |   Format |      Usage | Requestor
0x7c3638737bd0 |     unknown |  720 (   0) x 1280 |      1 |        1 | 0x     b00 | VRI[ChatActivity]#1(BLAST Consumer)1
0x7c3638739010 |     unknown |  720 (   0) x 1280 |      1 |        1 | 0x     b00 | VRI[ChatActivity]#1(BLAST Consumer)1
0x7c363873a0f0 |     unknown |  720 (   0) x 1280 |      1 |        1 | 0x     b00 | VRI[ChatActivity]#1(BLAST Consumer)1
Total allocated by GraphicBufferAllocator (estimate): 0.00 KB
GoldfishAllocator::dumpDebugInfo is not implemented
Profile data in ms:

	com.ggufchat.app/com.ggufchat.app.MainActivity/android.view.ViewRootImpl@9632126 (visibility=8)
Window: com.ggufchat.app/com.ggufchat.app.MainActivity
Stats since: 764803407726ns
Total frames rendered: 0
Janky frames: 0 (0.00%)
Janky frames (legacy): 0 (0.00%)
50th percentile: 4950ms
90th percentile: 4950ms
95th percentile: 4950ms
99th percentile: 4950ms
Number Missed Vsync: 0
Number High input latency: 0
Number Slow UI thread: 0
Number Slow bitmap uploads: 0
Number Slow issue draw commands: 0
Number Frame deadline missed: 0
Number Frame deadline missed (legacy): 0
HISTOGRAM: 5ms=0 6ms=0 7ms=0 8ms=0 9ms=0 10ms=0 11ms=0 12ms=0 13ms=0 14ms=0 15ms=0 16ms=0 17ms=0 18ms=0 19ms=0 20ms=0 21ms=0 22ms=0 23ms=0 24ms=0 25ms=0 26ms=0 27ms=0 28ms=0 29ms=0 30ms=0 31ms=0 32ms=0 34ms=0 36ms=0 38ms=0 40ms=0 42ms=0 44ms=0 46ms=0 48ms=0 53ms=0 57ms=0 61ms=0 65ms=0 69ms=0 73ms=0 77ms=0 81ms=0 85ms=0 89ms=0 93ms=0 97ms=0 101ms=0 105ms=0 109ms=0 113ms=0 117ms=0 121ms=0 125ms=0 129ms=0 133ms=0 150ms=0 200ms=0 250ms=0 300ms=0 350ms=0 400ms=0 450ms=0 500ms=0 550ms=0 600ms=0 650ms=0 700ms=0 750ms=0 800ms=0 850ms=0 900ms=0 950ms=0 1000ms=0 1050ms=0 1100ms=0 1150ms=0 1200ms=0 1250ms=0 1300ms=0 1350ms=0 1400ms=0 1450ms=0 1500ms=0 1550ms=0 1600ms=0 1650ms=0 1700ms=0 1750ms=0 1800ms=0 1850ms=0 1900ms=0 1950ms=0 2000ms=0 2050ms=0 2100ms=0 2150ms=0 2200ms=0 2250ms=0 2300ms=0 2350ms=0 2400ms=0 2450ms=0 2500ms=0 2550ms=0 2600ms=0 2650ms=0 2700ms=0 2750ms=0 2800ms=0 2850ms=0 2900ms=0 2950ms=0 3000ms=0 3050ms=0 3100ms=0 3150ms=0 3200ms=0 3250ms=0 3300ms=0 3350ms=0 3400ms=0 3450ms=0 3500ms=0 3550ms=0 3600ms=0 3650ms=0 3700ms=0 3750ms=0 3800ms=0 3850ms=0 3900ms=0 3950ms=0 4000ms=0 4050ms=0 4100ms=0 4150ms=0 4200ms=0 4250ms=0 4300ms=0 4350ms=0 4400ms=0 4450ms=0 4500ms=0 4550ms=0 4600ms=0 4650ms=0 4700ms=0 4750ms=0 4800ms=0 4850ms=0 4900ms=0 4950ms=0
50th gpu percentile: 4950ms
90th gpu percentile: 4950ms
95th gpu percentile: 4950ms
99th gpu percentile: 4950ms
GPU HISTOGRAM: 1ms=0 2ms=0 3ms=0 4ms=0 5ms=0 6ms=0 7ms=0 8ms=0 9ms=0 10ms=0 11ms=0 12ms=0 13ms=0 14ms=0 15ms=0 16ms=0 17ms=0 18ms=0 19ms=0 20ms=0 21ms=0 22ms=0 23ms=0 24ms=0 25ms=0 4950ms=0



---PROFILEDATA---
Flags,FrameTimelineVsyncId,IntendedVsync,Vsync,InputEventId,HandleInputStart,AnimationStart,PerformTraversalsStart,DrawStart,FrameDeadline,FrameInterval,FrameStartTime,SyncQueued,SyncStart,IssueDrawCommandsStart,SwapBuffers,FrameCompleted,DequeueBufferDuration,QueueBufferDuration,GpuCompleted,SwapBuffersCompleted,DisplayPresentTime,CommandSubmissionCompleted,
---PROFILEDATA---


	com.ggufchat.app/com.ggufchat.app.ChatActivity/android.view.ViewRootImpl@cb2e167 (visibility=0)
Window: com.ggufchat.app/com.ggufchat.app.ChatActivity
Stats since: 764803510919ns
Total frames rendered: 236
Janky frames: 228 (96.61%)
Janky frames (legacy): 83 (35.17%)
50th percentile: 18ms
90th percentile: 46ms
95th percentile: 48ms
99th percentile: 57ms
Number Missed Vsync: 18
Number High input latency: 6
Number Slow UI thread: 5
Number Slow bitmap uploads: 1
Number Slow issue draw commands: 228
Number Frame deadline missed: 228
Number Frame deadline missed (legacy): 80
HISTOGRAM: 5ms=0 6ms=0 7ms=0 8ms=0 9ms=0 10ms=0 11ms=0 12ms=1 13ms=1 14ms=3 15ms=0 16ms=63 17ms=39 18ms=24 19ms=13 20ms=8 21ms=0 22ms=1 23ms=1 24ms=0 25ms=0 26ms=0 27ms=1 28ms=1 29ms=1 30ms=1 31ms=0 32ms=31 34ms=14 36ms=4 38ms=0 40ms=2 42ms=0 44ms=2 46ms=3 48ms=17 53ms=1 57ms=2 61ms=1 65ms=1 69ms=0 73ms=0 77ms=0 81ms=0 85ms=0 89ms=0 93ms=0 97ms=0 101ms=0 105ms=0 109ms=0 113ms=0 117ms=0 121ms=0 125ms=0 129ms=0 133ms=0 150ms=0 200ms=0 250ms=0 300ms=0 350ms=0 400ms=0 450ms=0 500ms=0 550ms=0 600ms=0 650ms=0 700ms=0 750ms=0 800ms=0 850ms=0 900ms=0 950ms=0 1000ms=0 1050ms=0 1100ms=0 1150ms=0 1200ms=0 1250ms=0 1300ms=0 1350ms=0 1400ms=0 1450ms=0 1500ms=0 1550ms=0 1600ms=0 1650ms=0 1700ms=0 1750ms=0 1800ms=0 1850ms=0 1900ms=0 1950ms=0 2000ms=0 2050ms=0 2100ms=0 2150ms=0 2200ms=0 2250ms=0 2300ms=0 2350ms=0 2400ms=0 2450ms=0 2500ms=0 2550ms=0 2600ms=0 2650ms=0 2700ms=0 2750ms=0 2800ms=0 2850ms=0 2900ms=0 2950ms=0 3000ms=0 3050ms=0 3100ms=0 3150ms=0 3200ms=0 3250ms=0 3300ms=0 3350ms=0 3400ms=0 3450ms=0 3500ms=0 3550ms=0 3600ms=0 3650ms=0 3700ms=0 3750ms=0 3800ms=0 3850ms=0 3900ms=0 3950ms=0 4000ms=0 4050ms=0 4100ms=0 4150ms=0 4200ms=0 4250ms=0 4300ms=0 4350ms=0 4400ms=0 4450ms=0 4500ms=0 4550ms=0 4600ms=0 4650ms=0 4700ms=0 4750ms=0 4800ms=0 4850ms=0 4900ms=0 4950ms=0
50th gpu percentile: 16ms
90th gpu percentile: 4950ms
95th gpu percentile: 4950ms
99th gpu percentile: 4950ms
GPU HISTOGRAM: 1ms=0 2ms=0 3ms=0 4ms=0 5ms=0 6ms=0 7ms=1 8ms=0 9ms=0 10ms=1 11ms=5 12ms=9 13ms=15 14ms=33 15ms=26 16ms=57 17ms=11 18ms=7 19ms=5 20ms=1 21ms=1 22ms=2 23ms=6 24ms=1 25ms=3 4950ms=52



---PROFILEDATA---
Flags,FrameTimelineVsyncId,IntendedVsync,Vsync,InputEventId,HandleInputStart,AnimationStart,PerformTraversalsStart,DrawStart,FrameDeadline,FrameInterval,FrameStartTime,SyncQueued,SyncStart,IssueDrawCommandsStart,SwapBuffers,FrameCompleted,DequeueBufferDuration,QueueBufferDuration,GpuCompleted,SwapBuffersCompleted,DisplayPresentTime,CommandSubmissionCompleted,
0,66023,794726604980,794726604980,0,794726809497,794726810148,794726810309,794726888425,794743271646,794726807474,16666666,794727073349,794727094890,794727176752,794728538460,794745618772,3206,329354,794745618772,794739854289,0,794728538460,
0,66038,794859938308,794859938308,0,794860230004,794860230565,794860236536,794860308170,794876604974,794860226649,16666666,794860473759,794864611480,794864659449,794866517202,794910204718,2364,891492,794910137102,794910204718,0,794866517202,
0,66069,795159938296,795159938296,0,795161996869,795161997461,795162002350,795162068032,795176604962,795161994525,16666666,795162216649,795162236646,795162285688,795163307111,795176812141,2424,262319,795176812141,795171769803,0,795163307111,
0,66077,795226604960,795226604960,0,795227167413,795227167984,795227168154,795227237173,795243271626,795227164698,16666666,795227429542,795227451873,795227492018,795229979654,795244284704,3016,258321,795244284704,795239456466,0,795229979654,
0,66100,795443271618,795443271618,0,795443487844,795443488375,795443494006,795443555360,795459938284,795443484978,16666666,795443682176,795443699999,795443738511,795444788197,795476975146,8045,132036,795476975146,795461267179,0,795444788197,
0,66138,795726604940,795726604940,0,795726801508,795726801979,795726802169,795730970831,795743271606,795726798903,16666666,795731115140,795731136089,795731178909,795732221542,795760216771,3457,3842982,795760216771,795743699313,0,795732221542,
0,66146,795776604938,795776604938,0,795776733615,795776734056,795776740608,795776806681,795793271604,795776730839,16666666,795776991876,795777013947,795777055585,795787702247,795810103956,2315,112299,795810103956,795801250276,0,795787702247,
0,66184,796109938258,796109938258,0,796111569800,796111570281,796111577455,796111656722,796126604924,796111567255,16666666,796111830697,796111856375,796111950189,796113565480,796127048145,2725,214249,796127048145,796122336148,0,796113565480,
0,66192,796226604920,796226604920,0,796226820009,796226820931,796226821111,796226946324,796243271586,796226816102,16666666,796227100352,796227144293,796227190269,796228791393,796243491577,2915,316570,796243491577,796237208089,0,796228791393,
0,66215,796426604912,796426604912,0,796426864745,796426865356,796426901975,796426975031,796443271578,796426861408,16666666,796427146440,796427167960,796427225437,796428389868,796443991223,2395,244947,796443991223,796441388444,0,796428389868,
0,66253,796726604900,796726604900,0,796727346516,796727346907,796727353380,796727421226,796743271566,796727344804,16666666,796727579471,796727599107,796727650162,796729253040,796743996094,3507,456319,796743996094,796742058575,0,796729253040,
0,66261,796743271566,796759938232,0,796764281061,796764281972,796764282183,796765041247,796776604898,796764251766,16666666,796765510893,796765535429,796765646044,796767611828,796795065972,2545,282877,796795065972,796777060948,0,796767611828,
0,66284,797043271554,797043271554,0,797043467132,797043467693,797043473314,797043539757,797059938220,797043464056,16666666,797043693243,797043712860,797043784063,797047008916,797060439275,2435,383465,797060439275,797056691107,0,797047008916,
0,66307,797243271546,797243271546,0,797243993107,797243993638,797243993818,797244125494,797259938212,797243990102,16666666,797244263852,797244285592,797244327560,797245376045,797260202907,2384,345934,797260202907,797256183645,0,797245376045,
0,66330,797359938208,797359938208,0,797360183802,797360184182,797360189883,797360321819,797376604874,797360181457,16666666,797360615076,797360633620,797360699342,797362117953,797377317380,3036,228345,797377317380,797373345418,0,797362117953,
0,66338,797376604874,797393271540,0,797393661771,797393662582,797393662752,797393747390,797409938206,797393659136,16666666,797393846946,797394350664,797394390508,797395845691,797427290243,2916,270434,797427290243,797411602236,0,797395845691,
0,66361,797659938196,797659938196,0,797660207575,797660208076,797660216732,797660293355,797676604862,797660204409,16666666,797660530367,797660557757,797660609524,797664563010,797676743843,2965,544786,797676743843,797673449962,0,797664563010,
0,66384,797759938192,797759938192,0,797760787563,797760787944,797760788144,797760897277,797776604858,797760785549,16666666,797761036107,797761056154,797761129521,797763039480,797777400875,3687,171820,797777400875,797771720358,0,797763039480,
0,66407,797993271516,797993271516,0,797993631706,797993632308,797993639842,797993715192,798009938182,797993628420,16666666,797993893264,797993917620,797993965488,798000061662,798027319880,2344,243394,798027319880,798012652237,0,798000061662,
0,66430,798259938172,798259938172,0,798260637811,798260638362,798260638512,798260707972,798276604838,798260634925,16666666,798260830910,798260890802,798260933272,798262681101,798279940497,2284,241941,798279940497,798276679210,0,798262681101,
0,66438,798276604838,798276604838,0,798277177819,798277178090,798277183208,798277231920,798309938170,798277176416,16666666,798277331545,798277343568,798277394673,798278685739,798310231447,146253,204251,798310231447,798306134772,0,798278685739,
0,66476,798609938158,798609938158,0,798610147683,798610148163,798610153313,798610224386,798626604824,798610144808,16666666,798610374716,798610395464,798610452481,798618133296,798630042871,2815,334734,798630042871,798625190357,0,798618133296,
0,66499,798759938152,798759938152,0,798761145664,798761146044,798761146214,798761228929,798776604818,798761143159,16666666,798762374915,798762398719,798762443453,798764911886,798776808344,4218,197178,798776808344,798776480052,0,798764911886,
0,66522,798926604812,798926604812,0,798926898465,798926898746,798927026855,798927092627,798943271478,798926896582,16666666,798927210166,798957307305,798957424704,798958991431,798976720513,2375,113611,798976720513,798970198017,0,798958991431,
0,66545,799243271466,799243271466,0,799243459958,799243460399,799243464797,799243523105,799259938132,799243457403,16666666,799243632320,799243647868,799243681521,799245643099,799261135905,2605,331348,799261135905,799256656664,0,799245643099,
0,66553,799259938132,799276604798,0,799280225389,799280225990,799280226140,799280289859,799293271464,799280223124,16666666,799280404483,799280418619,799280455357,799281425475,799310199290,2274,99385,799310199290,799293214797,0,799281425475,
0,66591,799559938120,799559938120,0,799560179191,799560179662,799560185242,799560258930,799576604786,799560177158,16666666,799560405252,799560427344,799560474371,799563205053,799576865627,3337,208408,799576865627,799567620071,0,799563205053,
0,66614,799759938112,799759938112,0,799762429002,799762429292,799762429452,799762507277,799776604778,799762427138,16666666,799762643441,799762661725,799762705668,799765894039,799796005146,95939,194583,799796005146,799778242904,0,799765894039,
0,66622,799876604774,799876604774,0,799876872131,799876872662,799876920501,799876980363,799893271440,799876869616,16666666,799877279512,799877302124,799877356166,799878543328,799893655001,6593,209260,799893655001,799887890488,0,799878543328,
0,66660,800209938094,800209938094,0,800210083819,800210084210,800210088929,800210154090,800226604760,800210082286,16666666,800210286577,800210308838,800210350907,800213029965,800226771189,3676,299327,800226771189,800219590098,0,800213029965,
0,66668,800259938092,800259938092,0,800260518452,800260519074,800260519254,800260594164,800276604758,800260515918,16666666,800260723094,800260742290,800260782344,800261629734,800277287166,2364,170247,800277287166,800270277791,0,800261629734,
0,66691,800509938082,800509938082,0,800510128025,800510128647,800510133736,800510208565,800526604748,800510125180,16666666,800510355179,800510374805,800510429688,800513140648,800526775228,2104,118611,800526775228,800522797134,0,800513140648,
0,66729,800759938072,800759938072,0,800760437701,800760437981,800760438152,800760499395,800776604738,800760435848,16666666,800760609481,800760627785,800760683830,800779020967,800793419388,3437,228986,800793419388,800786133292,0,800779020967,
0,66737,800826604736,800826604736,0,800826854062,800826854814,800826859572,800826924033,800843271402,800826851597,16666666,800827057912,800827077458,800827118294,800829121568,800843423510,2584,182771,800843423510,800839748991,0,800829121568,
0,66760,801126604724,801126604724,0,801127013376,801127013907,801127019578,801127084358,801143271390,801127010541,16666666,801127215944,801127232725,801127281486,801130664731,801141024730,1753,183132,801140979417,801141024730,0,801130664731,
0,66783,801259938052,801259938052,0,801260150460,801260151452,801260151613,801260632939,801276604718,801260147224,16666666,801260773011,801260796844,801260882274,801262475423,801277664012,2705,846961,801277664012,801271556312,0,801262475423,
0,66806,801459938044,801459938044,0,801460578428,801460579349,801460584328,801460644861,801476604710,801460574169,16666666,801460758663,801460775454,801460853520,801461570446,801477789561,3026,383715,801477789561,801472354291,0,801461570446,
0,66829,801743271366,801743271366,0,801744424033,801744424573,801744430765,801744504693,801759938032,801744421167,16666666,801744657909,801744681322,801744729953,801747426268,801760969465,2445,173173,801760969465,801755347751,0,801747426268,
0,66837,801759938032,801759938032,0,801760238052,801760238422,801760238583,801760301250,801793271364,801760236549,16666666,801760501613,801760518214,801760555363,801762123676,801810302997,3055244,213108,801810302997,801801040507,0,801762123676,
0,66875,802043271354,802043271354,0,802043518572,802043518873,802043523742,802043612928,802059938020,802043517039,16666666,802043741618,802043757638,802043884755,802074787920,802093482961,2254,176369,802093482961,802087025856,0,802074787920,
0,66898,802259938012,802259938012,0,802260073270,802260073890,802260074071,802260194976,802276604678,802260070825,16666666,802260335949,802260356167,802260398415,802269527409,802294459756,2264,184584,802294459756,802281620016,0,802269527409,
0,66906,802393271340,802393271340,0,802393461293,802393461894,802393467044,802393534479,802409938006,802393458749,16666666,802393681333,802393728852,802393774727,802396394720,802410382679,2765,142716,802410382679,802408678814,0,802396394720,
0,66944,802659937996,802676604662,0,802681775981,802681776271,802681818129,802681932202,802676604662,802681773766,16666666,802682092310,802682636434,802682735308,802683666163,802696887253,2414,113902,802696887253,802692754781,0,802683666163,
0,66952,802759937992,802759937992,0,802761952440,802761953051,802761953232,802762347076,802776604658,802761948703,16666666,802762602061,802762624553,802762671460,802764722012,802778910097,2725,197027,802778910097,802771155881,0,802764722012,
0,66975,802993271316,802993271316,0,802993651592,802993652293,802993657894,802993727984,803009937982,802993648856,16666666,802993905505,802993926333,802993981026,802996541967,803010279561,3376,348119,803010279561,803005937126,0,802996541967,
0,67013,803259937972,803276604638,0,803282386489,803282386689,803282386840,803282454335,803276604638,803282384956,16666666,803282588786,803282660610,803282703710,803285282066,803295405552,2394,215592,803295405552,803292271595,0,803285282066,
0,67021,803293271304,803309937970,0,803313423152,803313423703,803313435194,803313516255,803326604636,803313420176,16666666,803313693074,803313731967,803313812968,803316099139,803327944042,2314,211294,803327944042,803324538259,0,803316099139,
0,67044,803593271292,803593271292,0,803593502556,803593503067,803593509098,803593582094,803609937958,803593499330,16666666,803593734318,803593757681,803593836568,803597002368,803610458236,2776,288318,803610458236,803603360059,0,803597002368,
0,67067,803793271284,803793271284,0,803793557888,803793558650,803793558840,803793641154,803809937950,803793554613,16666666,803793815348,803793837580,803793877945,803795746918,803813937858,3487,399114,803813937858,803806756566,0,803795746918,
0,67090,803909937946,803909937946,0,803910103321,803910103802,803910109012,803910178030,803926604612,803910100907,16666666,803910384846,803910404904,803910459856,803911972912,803926829110,3146,297454,803926829110,803924272915,0,803911972912,
0,67113,804176604602,804176604602,0,804176788993,804176789434,804176793823,804176880484,804193271268,804176786298,16666666,804177026025,804177048627,804177091457,804181277007,804193454055,3798,152685,804193454055,804191165527,0,804181277007,
0,67136,804293271264,804293271264,0,804293884950,804293885471,804293885611,804293953027,804309937930,804293882105,16666666,804294068973,804294084822,804294120299,804296507078,804310852812,2094,138869,804310852812,804302450675,0,804296507078,
0,67159,804509937922,804509937922,0,804510927692,804510928142,804510934424,804511063785,804526604588,804510925658,16666666,804511325683,804511349197,804511409500,804513878921,804526868570,2394,212516,804526868570,804522302470,0,804513878921,
0,67167,804526604588,804543271254,0,804550824817,804550825418,804550825558,804550896230,804559937920,804550822042,16666666,804550979365,804551084110,804551172635,804554708916,804576883341,3086,239206,804576883341,804564283129,0,804554708916,
0,67190,804793271244,804793271244,0,804793534829,804793535370,804793535540,804793615850,804809937910,804793532044,16666666,804793756151,804793811054,804793854073,804796741742,804810110996,3717,887845,804810110996,804804599056,0,804796741742,
0,67198,804809937910,804826604576,0,804830449265,804830449996,804830459454,804830529565,804843271242,804830446480,16666666,804830699892,804830729067,804830809146,804831660383,804860387441,2625,212736,804860387441,804843801870,0,804831660383,
0,67236,805126604564,805126604564,0,805126842215,805126842686,805126848397,805126921522,805143271230,805126839781,16666666,805127095437,805127119101,805127167571,805128673988,805143528323,2635,263251,805143528323,805136227731,0,805128673988,
0,67259,805309937890,805309937890,0,805310191798,805310192580,805310192790,805310281195,805326604556,805310189624,16666666,805310438458,805310459277,805310503880,805311978385,805328149856,3436,3732276,805328149856,805326316046,0,805311978385,
0,67267,805443271218,805443271218,0,805444190596,805444191047,805444195565,805444252982,805459937884,805444187620,16666666,805444381261,805444397241,805444438618,805445412754,805461791195,2144,243204,805461791195,805458484775,0,805445412754,
0,67305,805743271206,805743271206,0,805743880383,805743880723,805743885362,805743944703,805759937872,805743878509,16666666,805744117424,805744134176,805744169441,805745085969,805760467312,2535,195204,805760467312,805754787247,0,805745085969,
0,67313,805809937870,805809937870,0,805810121164,805810121784,805810121935,805810192817,805826604536,805810118368,16666666,805810310627,805810325955,805810360429,805813520178,805826832726,2735,183953,805826832726,805822259523,0,805813520178,
0,67336,806043271194,806043271194,0,806043500992,806043501494,806043506743,806043577645,806059937860,806043497937,16666666,806043795241,806043819376,806043866193,806046851226,806062015870,2264,235590,806062015870,806054948900,0,806046851226,
0,67374,806309937850,806309937850,0,806311013934,806311014345,806311014595,806311091949,806326604516,806311011760,16666666,806311231840,806311252919,806311295699,806313584780,806327175193,2946,424211,806327175193,806322020592,0,806313584780,
0,67382,806326604516,806326604516,0,806327254268,806327254648,806327260539,806327358281,806359937848,806327251543,16666666,806327511267,806327527948,806327565839,806344196826,806360167447,3286,227705,806360167447,806354525723,0,806344196826,
0,67405,806643271170,806643271170,0,806643468107,806643468648,806643473166,806643539150,806659937836,806643465482,16666666,806643760342,806643836121,806643923554,806646700028,806661822604,2715,283929,806661822604,806658530301,0,806646700028,
0,67429,806809937830,806809937830,0,806810111244,806810111805,806810111985,806810186253,806826604496,806810108569,16666666,806810320604,806810341222,806810382258,806816938602,806826813746,2855,252430,806826813746,806819763327,0,806816938602,
0,67452,806943271158,806943271158,0,806943452167,806943452658,806943457257,806943517279,806959937824,806943449463,16666666,806943668591,806943686865,806943787432,806945015621,806977253852,2395,262749,806977253852,806961247282,0,806945015621,
0,67475,807226604480,807226604480,0,807226900454,807226901045,807226906766,807226981595,807243271146,807226897179,16666666,807227160920,807227184574,807227234196,807229377321,807245020698,2294,327330,807245020698,807240901608,0,807229377321,
0,67498,807309937810,807309937810,0,807310076560,807310076961,807310077272,807310160887,807326604476,807310073585,16666666,807310310947,807310330614,807310375738,807319592796,807344326591,2325,174214,807344326591,807328666491,0,807319592796,
0,67521,807559937800,807559937800,0,807560183785,807560184266,807560188945,807560250200,807576604466,807560181201,16666666,807560402583,807560423512,807560464028,807561611085,807578118760,2805,213988,807578118760,807574378600,0,807561611085,
0,67544,807809937790,807809937790,0,807810185798,807810186279,807810186459,807810258803,807826604456,807810182531,16666666,807810391922,807810412550,807810455220,807811585596,807828389433,2435,268600,807828389433,807820803696,0,807811585596,
0,67559,807876604454,807876604454,0,807877658548,807877658758,807877663146,807877820579,807893271120,807877657706,16666666,807881005332,807881023195,807881329747,807883655220,807920622576,2494,222865,807920540963,807920622576,0,807883655220,
0,67574,807893271120,807909937786,0,807919903967,807919904748,807919904928,807919996188,807943271118,807919900460,16666666,807920161958,807920649005,807920719166,807922404627,807952926948,13766977,182159,807952744894,807952926948,0,807922404627,
0,67598,808193271108,808193271108,0,808193448868,808193449379,808193455540,808193515993,808209937774,808193446282,16666666,808193751972,808193775767,808193832352,808198113040,808213690960,2676,333642,808213613234,808213690960,0,808198113040,
0,67621,808326604436,808326604436,0,808326844744,808326845115,808326845295,808326926216,808343271102,808326842430,16666666,808327073190,808327096603,808327139714,808329140893,808341299279,1964,919854,808341239818,808341299279,0,808329140893,
0,67644,808493271096,808493271096,0,808500080764,808500081145,808500087908,808500149322,808509937762,808500078410,16666666,808500265889,808500283382,808500322726,808522929647,808543444916,2324,114313,808543444916,808536677559,0,808522929647,
0,67667,808809937750,808809937750,0,808810370605,808810371186,808810375845,808810444974,808826604416,808810367960,16666666,808810579875,808810600734,808810655867,808813905473,808826811584,3507,132798,808826811584,808823219150,0,808813905473,
0,67675,808826604416,808826604416,0,808826926290,808826926650,808826926810,808827017620,808859937748,808826925097,16666666,808827105343,808827123497,808827151710,808848194747,808861384427,2595,153947,808861384427,808857274920,0,808848194747,
0,67713,809109937738,809109937738,0,809111935584,809111935875,809111941575,809112006126,809126604404,809111934061,16666666,809112203022,809112220755,809112266280,809131641810,809145054575,2805,156372,809145054575,809141818866,0,809131641810,
0,67736,809326604396,809326604396,0,809328460884,809328461305,809328461445,809328532678,809343271062,809328458941,16666666,809328661719,809328683048,809328762125,809330488523,809346413534,31889,114233,809346413534,809342773699,0,809330488523,
0,67744,809426604392,809426604392,0,809427875382,809427875783,809427882336,809427958016,809443271058,809427872256,16666666,809428161345,809428186522,809428238720,809429628733,809445277437,2354,314305,809445277437,809443265935,0,809429628733,
0,67782,809709937714,809709937714,0,809710186486,809710186637,809710191235,809710246308,809726604380,809710185584,16666666,809710456559,809710471667,809710522482,809733159189,809760097165,3036,214720,809760097165,809746077215,0,809733159189,
0,67790,809826604376,809826604376,0,809826832057,809826832618,809826832798,809826920472,809843271042,809826828991,16666666,809827075090,809827102832,809827147275,809829077412,809860787928,2514,289368,809860787928,809846271776,0,809829077412,
0,67813,810043271034,810043271034,0,810043516033,810043516494,810043522586,810043586655,810059937700,810043513699,16666666,810043759637,810043781618,810043826432,810047592691,810064110657,2775,150240,810064110657,810056394567,0,810047592691,
0,67851,810326604356,810326604356,0,810326774807,810326775098,810326775298,810326848544,810343271022,810326772242,16666666,810327034331,810327053256,810327092579,810330593354,810343436910,2344,132867,810343436910,810337671354,0,810330593354,
0,67859,810376604354,810376604354,0,810376846933,810376847624,810376857533,810376922274,810393271020,810376844168,16666666,810377054890,810377116658,810377169446,810379937315,810410157675,2435,170908,810410157675,810395923248,0,810379937315,
0,67882,810659937676,810659937676,0,810660198919,810660199530,810660205401,810660271414,810676604342,810660196053,16666666,810660410924,810660431993,810660468772,810662664634,810693491846,2504,165318,810693491846,810677277900,0,810662664634,
0,67905,810843271002,810843271002,0,810844503702,810844504314,810844504454,810844574915,810859937668,810844501057,16666666,810844740744,810844763076,810844809232,810846280424,810861512012,4939,305640,810861512012,810859176999,0,810846280424,
0,67928,810993270996,810993270996,0,810993475998,810993476469,810993484294,810993558863,811009937662,810993473524,16666666,810993750730,810993776017,810993826942,810996244390,811012300282,3486,3076743,811012300282,811011616398,0,810996244390,
0,67951,811276604318,811276604318,0,811276801825,811276802396,811276807646,811276972152,811293270984,811276798810,16666666,811277133733,811277157648,811277206349,811279883713,811293599005,2635,402300,811293599005,811289509292,0,811279883713,
0,67974,811343270982,811359937648,0,811365582685,811365583106,811365583257,811365656554,811359937648,811365580080,16666666,811365831700,811365856105,811365899416,811367662862,811378946802,2405,223116,811378946802,811376742847,0,811367662862,
0,67997,811593270972,811593270972,0,811593797093,811593797704,811593804446,811593875859,811609937638,811593794248,16666666,811594028284,811594051997,811594100077,811595251433,811610237442,3586,302313,811610237442,811609701734,0,811595251433,
0,68020,811843270962,811843270962,0,811843462194,811843462786,811843462967,811843548115,811859937628,811843458538,16666666,811843729313,811843752446,811843803010,811848849034,811876802751,3627,365431,811876802751,811864253683,0,811848849034,
0,68028,811909937626,811909937626,0,811910296872,811910297614,811910305639,811910382452,811926604292,811910293737,16666666,811910551818,811910572246,811910631566,811913566396,811926805770,2946,204280,811926805770,811924332160,0,811913566396,
0,68066,812209937614,812209937614,0,812210785315,812210785886,812210794472,812210867829,812226604280,812210782059,16666666,812211019051,812211047584,812211093269,812212986518,812228220300,1894,408180,812228167352,812228220300,0,812212986518,
0,68081,812343270942,812343270942,0,812343930018,812343930218,812343930379,812343991502,812359937608,812343928636,16666666,812344164906,812348164550,812348207250,812349975244,812394397989,3105,325887,812394397989,812380399452,0,812349975244,
0,68097,812509937602,812509937602,0,812510149722,812510150655,812510156996,812510226806,812526604268,812510146877,16666666,812510361757,812510380783,812510420848,812512149591,812526794856,2535,323464,812526794856,812522840045,0,812512149591,
0,68135,812826604256,812826604256,0,812826795371,812826795852,812826801673,812826868839,812843270922,812826792606,16666666,812827016583,812827037132,812827083088,812830065656,812843470504,4188,214931,812843470504,812839308587,0,812830065656,
0,68143,812843270922,812843270922,0,812843508055,812843508446,812843508627,812843571333,812876604254,812843506092,16666666,812843778750,812865500322,812865607221,812866828517,812893440111,3557,240137,812893440111,812879300208,0,812866828517,
0,68173,813143270910,813143270910,0,813144009151,813144009392,813144061659,813144130718,813159937576,813144008129,16666666,813144279896,813148109791,813148161247,813154966746,813184173327,2004,197007,813184173327,813162817356,0,813154966746,
0,68196,813343270902,813343270902,0,813343542830,813343543471,813343543762,813343620404,813359937568,813343539734,16666666,813343806351,813344129854,813348071329,813351643314,813400992527,2344,235500,813400873726,813400992527,0,813351643314,
0,68212,813443270898,813443270898,0,813443867279,813443867960,813443873841,813443946777,813459937564,813443864263,16666666,813444162118,813444182286,813444242488,813446155734,813476776290,2354,181128,813476776290,813461208126,0,813446155734,
0,68235,813726604220,813726604220,0,813727152934,813727153435,813727158524,813727231039,813743270886,813727149647,16666666,813727946042,813727968543,813728074571,813729519882,813745334696,3056,287466,813745334696,813740701782,0,813729519882,
0,68258,813843270882,813843270882,0,813843479215,813843479846,813843480017,813843567410,813859937548,813843476370,16666666,813843754087,813843778413,813843826592,813845519911,813860242810,2845,353078,813860242810,813859262262,0,813845519911,
0,68281,814043270874,814043270874,0,814043445968,814043446629,814043451097,814043514005,814059937540,814043443243,16666666,814043696204,814043729326,814043786793,814046299265,814061511318,3897,302633,814061511318,814057787899,0,814046299265,
0,68311,814343270862,814343270862,0,814343477341,814343477812,814343483513,814343550457,814359937528,814343474525,16666666,814343735432,814343758254,814343803479,814346567861,814393539035,2044,146954,814393539035,814368318865,0,814346567861,
0,68326,814359937528,814393270860,0,814409737185,814409737936,814409738116,814409828104,814426604192,814409733799,16666666,814410816937,814412369348,814412420093,814413941691,814426712639,2634,1854737,814426712639,814424757107,0,814413941691,
0,68350,814659937516,814659937516,0,814662125903,814662126434,814662131583,814662202015,814676604182,814662122567,16666666,814662354108,814662373234,814662467630,814663796588,814693433973,2063,120355,814693433973,814676490927,0,814663796588,
0,68373,814859937508,814859937508,0,814860138028,814860138599,814860138779,814860224619,814876604174,814860135162,16666666,814860374097,814860397701,814860445190,814862915454,814895691254,3066,1471271,814895691254,814877174936,0,814862915454,
0,68396,814976604170,814976604170,0,814976761994,814976762324,814976768716,814976840701,814993270836,814976760260,16666666,814977124910,814977144366,814977224145,814978979106,814995468745,2124,209680,814995468745,814990493746,0,814978979106,
0,68419,815293270824,815293270824,0,815294974817,815294975327,815294981609,815295042212,815309937490,815294971911,16666666,815295173748,815295193504,815295234300,815297334955,815327306634,3216,274872,815327306634,815311283160,0,815297334955,
0,68434,815359937488,815359937488,0,815360377477,815360377718,815360377899,815360460262,815376604154,815360376435,16666666,815360612866,815365342471,815365388467,815369247918,815410699299,2545,131315,815410699299,815408488940,0,815369247918,
0,68465,815609937478,815609937478,0,815610209561,815610210042,815610215883,815610333182,815626604144,815610207597,16666666,815610510963,815610533605,815610589399,815612511762,815628172840,2395,1828347,815628172840,815626157244,0,815612511762,
0,68488,815859937468,815859937468,0,815860571085,815860571666,815860571857,815860685799,815876604134,815860567439,16666666,815860830028,815860855034,815860900950,815862984212,815894761325,2204,222104,815894761325,815882347573,0,815862984212,
0,68495,815876604134,815876604134,0,815881081733,815881082104,815881087424,815881142977,815926604132,815881079940,16666666,815881273881,815882370425,815882454251,815884136947,815921925718,3627,391139,815921802308,815921925718,0,815884136947,
0,68534,816176604122,816176604122,0,816176816441,816176816772,816176822102,816176872816,816193270788,816176814638,16666666,816177050207,816177065315,816177097465,816191663882,816207154021,3597,111848,816207154021,816198700976,0,816191663882,
0,68541,816193270788,816193270788,0,816193963738,816193964028,816193985018,816195015358,816226604120,816193962335,16666666,816199987447,816200106636,816200185313,816202007309,816226756635,16008765,117759,816226756635,816223225322,0,816202007309,
0,68556,816209937454,816209937454,0,816217993251,816217993522,816217993712,816218059826,816259937452,816217991588,16666666,816218189107,816223247243,816223293580,816224465684,816247803007,15064085,813236,816247485477,816247803007,0,816224465684,
0,68580,816359937448,816359937448,0,816360155014,816360155766,816360155906,816360222651,816376604114,816360152480,16666666,816360337986,816360409794,816360457042,816361292619,816376748243,2754,298967,816376748243,816366858572,0,816361292619,
0,68588,816859937428,816859937428,0,816860165573,816860166063,816860166244,816860238419,816876604094,816860162367,16666666,816860361077,816860418927,816860464232,816861396720,816876759829,2635,306872,816876759829,816867234560,0,816861396720,
---PROFILEDATA---


View hierarchy:

  com.ggufchat.app/com.ggufchat.app.MainActivity/android.view.ViewRootImpl@9632126
  28 views, 47.80 kB of render nodes

  com.ggufchat.app/com.ggufchat.app.ChatActivity/android.view.ViewRootImpl@cb2e167
  41 views, 78.30 kB of render nodes


Total ViewRootImpl   : 2
Total attached Views : 69
Total RenderNode     : 126.10 kB (used) / 260.55 kB (capacity)