Applications Graphics Acceleration Info:
Uptime: 1333686 Realtime: 1333686

** Graphics info for pid 17189 [com.ggufchat.app] **

Stats since: 1281077415423ns
Total frames rendered: 235
Janky frames: 222 (94.47%)
Janky frames (legacy): 85 (36.17%)
50th percentile: 17ms
90th percentile: 46ms
95th percentile: 48ms
99th percentile: 48ms
Number Missed Vsync: 16
Number High input latency: 4
Number Slow UI thread: 6
Number Slow bitmap uploads: 1
Number Slow issue draw commands: 220
Number Frame deadline missed: 222
Number Frame deadline missed (legacy): 84
HISTOGRAM: 5ms=0 6ms=0 7ms=1 8ms=1 9ms=0 10ms=1 11ms=1 12ms=2 13ms=2 14ms=1 15ms=5 16ms=61 17ms=43 18ms=19 19ms=7 20ms=4 21ms=4 22ms=1 23ms=1 24ms=1 25ms=1 26ms=1 27ms=1 28ms=2 29ms=3 30ms=0 31ms=0 32ms=25 34ms=7 36ms=5 38ms=3 40ms=1 42ms=3 44ms=3 46ms=4 48ms=19 53ms=1 57ms=0 61ms=0 65ms=1 69ms=0 73ms=0 77ms=0 81ms=0 85ms=0 89ms=0 93ms=0 97ms=0 101ms=0 105ms=0 109ms=0 113ms=0 117ms=0 121ms=0 125ms=0 129ms=0 133ms=0 150ms=0 200ms=0 250ms=0 300ms=0 350ms=0 400ms=0 450ms=0 500ms=0 550ms=0 600ms=0 650ms=0 700ms=0 750ms=0 800ms=0 850ms=0 900ms=0 950ms=0 1000ms=0 1050ms=0 1100ms=0 1150ms=0 1200ms=0 1250ms=0 1300ms=0 1350ms=0 1400ms=0 1450ms=0 1500ms=0 1550ms=0 1600ms=0 1650ms=0 1700ms=0 1750ms=0 1800ms=0 1850ms=0 1900ms=0 1950ms=0 2000ms=0 2050ms=0 2100ms=0 2150ms=0 2200ms=0 2250ms=0 2300ms=0 2350ms=0 2400ms=0 2450ms=0 2500ms=0 2550ms=0 2600ms=0 2650ms=0 2700ms=0 2750ms=0 2800ms=0 2850ms=0 2900ms=0 2950ms=0 3000ms=0 3050ms=0 3100ms=0 3150ms=0 3200ms=0 3250ms=0 3300ms=0 3350ms=0 3400ms=0 3450ms=0 3500ms=0 3550ms=0 3600ms=0 3650ms=0 3700ms=0 3750ms=0 3800ms=0 3850ms=0 3900ms=0 3950ms=0 4000ms=0 4050ms=0 4100ms=0 4150ms=0 4200ms=0 4250ms=0 4300ms=0 4350ms=0 4400ms=0 4450ms=0 4500ms=0 4550ms=0 4600ms=0 4650ms=0 4700ms=0 4750ms=0 4800ms=0 4850ms=0 4900ms=0 4950ms=0
50th gpu percentile: 16ms
90th gpu percentile: 4950ms
95th gpu percentile: 4950ms
99th gpu percentile: 4950ms
GPU HISTOGRAM: 1ms=0 2ms=0 3ms=0 4ms=0 5ms=0 6ms=0 7ms=1 8ms=1 9ms=1 10ms=2 11ms=5 12ms=14 13ms=11 14ms=25 15ms=32 16ms=49 17ms=16 18ms=3 19ms=3 20ms=2 21ms=1 22ms=4 23ms=8 24ms=0 25ms=3 4950ms=54

Pipeline=Skia (OpenGL)
Memory policy:
  Max surface area: 2073600
  Max resource usage: 99.53MB (x48)
  Background retention: 50% (altUiHidden = true)
  GPU Context timeout: 10
Contexts: 2 (stopped = 1)
CPU Caches:
  Glyph Cache: 67.55 KB (1 entry)
  Glyph Count: 22 
Total CPU memory usage:
  69169 bytes, 67.55 KB (0.00 bytes is purgeable)
GPU Caches:
  Other:
    Other: 13.67 KB (1 entry)
    Buffer Object: 464.00 bytes (2 entries)
    StencilAttachment: 36.00 KB (3 entries)
  Scratch:
    RenderTarget: 36.00 KB (2 entries)
    Texture: 2.00 MB (2 entries)
    Buffer Object: 144.00 KB (4 entries)
Total GPU memory usage:
  2332928 bytes, 2.22 MB (136.45 KB is purgeable)

GraphicBufferAllocator buffers:
        Handle |        Size |     W (Stride) x H | Layers |   Format |      Usage | Requestor
0x7c3638736670 |     unknown |  720 (   0) x 1280 |      1 |        1 | 0x     b00 | VRI[ChatActivity]#1(BLAST Consumer)1
0x7c3638737ea0 |     unknown |  720 (   0) x 1280 |      1 |        1 | 0x     b00 | VRI[ChatActivity]#1(BLAST Consumer)1
0x7c3638738950 |     unknown |  720 (   0) x 1280 |      1 |        1 | 0x     b00 | VRI[ChatActivity]#1(BLAST Consumer)1
Total allocated by GraphicBufferAllocator (estimate): 0.00 KB
GoldfishAllocator::dumpDebugInfo is not implemented
Profile data in ms:

	com.ggufchat.app/com.ggufchat.app.MainActivity/android.view.ViewRootImpl@75ca09d (visibility=8)
Window: com.ggufchat.app/com.ggufchat.app.MainActivity
Stats since: 1281077205331ns
Total frames rendered: 0
Janky frames: 0 (0.00%)
Janky frames (legacy): 0 (0.00%)
50th percentile: 4950ms
90th percentile: 4950ms
95th percentile: 4950ms
99th percentile: 4950ms
Number Missed Vsync: 0
Number High input latency: 0
Number Slow UI thread: 0
Number Slow bitmap uploads: 0
Number Slow issue draw commands: 0
Number Frame deadline missed: 0
Number Frame deadline missed (legacy): 0
HISTOGRAM: 5ms=0 6ms=0 7ms=0 8ms=0 9ms=0 10ms=0 11ms=0 12ms=0 13ms=0 14ms=0 15ms=0 16ms=0 17ms=0 18ms=0 19ms=0 20ms=0 21ms=0 22ms=0 23ms=0 24ms=0 25ms=0 26ms=0 27ms=0 28ms=0 29ms=0 30ms=0 31ms=0 32ms=0 34ms=0 36ms=0 38ms=0 40ms=0 42ms=0 44ms=0 46ms=0 48ms=0 53ms=0 57ms=0 61ms=0 65ms=0 69ms=0 73ms=0 77ms=0 81ms=0 85ms=0 89ms=0 93ms=0 97ms=0 101ms=0 105ms=0 109ms=0 113ms=0 117ms=0 121ms=0 125ms=0 129ms=0 133ms=0 150ms=0 200ms=0 250ms=0 300ms=0 350ms=0 400ms=0 450ms=0 500ms=0 550ms=0 600ms=0 650ms=0 700ms=0 750ms=0 800ms=0 850ms=0 900ms=0 950ms=0 1000ms=0 1050ms=0 1100ms=0 1150ms=0 1200ms=0 1250ms=0 1300ms=0 1350ms=0 1400ms=0 1450ms=0 1500ms=0 1550ms=0 1600ms=0 1650ms=0 1700ms=0 1750ms=0 1800ms=0 1850ms=0 1900ms=0 1950ms=0 2000ms=0 2050ms=0 2100ms=0 2150ms=0 2200ms=0 2250ms=0 2300ms=0 2350ms=0 2400ms=0 2450ms=0 2500ms=0 2550ms=0 2600ms=0 2650ms=0 2700ms=0 2750ms=0 2800ms=0 2850ms=0 2900ms=0 2950ms=0 3000ms=0 3050ms=0 3100ms=0 3150ms=0 3200ms=0 3250ms=0 3300ms=0 3350ms=0 3400ms=0 3450ms=0 3500ms=0 3550ms=0 3600ms=0 3650ms=0 3700ms=0 3750ms=0 3800ms=0 3850ms=0 3900ms=0 3950ms=0 4000ms=0 4050ms=0 4100ms=0 4150ms=0 4200ms=0 4250ms=0 4300ms=0 4350ms=0 4400ms=0 4450ms=0 4500ms=0 4550ms=0 4600ms=0 4650ms=0 4700ms=0 4750ms=0 4800ms=0 4850ms=0 4900ms=0 4950ms=0
50th gpu percentile: 4950ms
90th gpu percentile: 4950ms
95th gpu percentile: 4950ms
99th gpu percentile: 4950ms
GPU HISTOGRAM: 1ms=0 2ms=0 3ms=0 4ms=0 5ms=0 6ms=0 7ms=0 8ms=0 9ms=0 10ms=0 11ms=0 12ms=0 13ms=0 14ms=0 15ms=0 16ms=0 17ms=0 18ms=0 19ms=0 20ms=0 21ms=0 22ms=0 23ms=0 24ms=0 25ms=0 4950ms=0



---PROFILEDATA---
Flags,FrameTimelineVsyncId,IntendedVsync,Vsync,InputEventId,HandleInputStart,AnimationStart,PerformTraversalsStart,DrawStart,FrameDeadline,FrameInterval,FrameStartTime,SyncQueued,SyncStart,IssueDrawCommandsStart,SwapBuffers,FrameCompleted,DequeueBufferDuration,QueueBufferDuration,GpuCompleted,SwapBuffersCompleted,DisplayPresentTime,CommandSubmissionCompleted,
---PROFILEDATA---


	com.ggufchat.app/com.ggufchat.app.ChatActivity/android.view.ViewRootImpl@1ce6912 (visibility=0)
Window: com.ggufchat.app/com.ggufchat.app.ChatActivity
Stats since: 1281077415222ns
Total frames rendered: 235
Janky frames: 222 (94.47%)
Janky frames (legacy): 85 (36.17%)
50th percentile: 17ms
90th percentile: 46ms
95th percentile: 48ms
99th percentile: 48ms
Number Missed Vsync: 16
Number High input latency: 4
Number Slow UI thread: 6
Number Slow bitmap uploads: 1
Number Slow issue draw commands: 220
Number Frame deadline missed: 222
Number Frame deadline missed (legacy): 84
HISTOGRAM: 5ms=0 6ms=0 7ms=1 8ms=1 9ms=0 10ms=1 11ms=1 12ms=2 13ms=2 14ms=1 15ms=5 16ms=61 17ms=43 18ms=19 19ms=7 20ms=4 21ms=4 22ms=1 23ms=1 24ms=1 25ms=1 26ms=1 27ms=1 28ms=2 29ms=3 30ms=0 31ms=0 32ms=25 34ms=7 36ms=5 38ms=3 40ms=1 42ms=3 44ms=3 46ms=4 48ms=19 53ms=1 57ms=0 61ms=0 65ms=1 69ms=0 73ms=0 77ms=0 81ms=0 85ms=0 89ms=0 93ms=0 97ms=0 101ms=0 105ms=0 109ms=0 113ms=0 117ms=0 121ms=0 125ms=0 129ms=0 133ms=0 150ms=0 200ms=0 250ms=0 300ms=0 350ms=0 400ms=0 450ms=0 500ms=0 550ms=0 600ms=0 650ms=0 700ms=0 750ms=0 800ms=0 850ms=0 900ms=0 950ms=0 1000ms=0 1050ms=0 1100ms=0 1150ms=0 1200ms=0 1250ms=0 1300ms=0 1350ms=0 1400ms=0 1450ms=0 1500ms=0 1550ms=0 1600ms=0 1650ms=0 1700ms=0 1750ms=0 1800ms=0 1850ms=0 1900ms=0 1950ms=0 2000ms=0 2050ms=0 2100ms=0 2150ms=0 2200ms=0 2250ms=0 2300ms=0 2350ms=0 2400ms=0 2450ms=0 2500ms=0 2550ms=0 2600ms=0 2650ms=0 2700ms=0 2750ms=0 2800ms=0 2850ms=0 2900ms=0 2950ms=0 3000ms=0 3050ms=0 3100ms=0 3150ms=0 3200ms=0 3250ms=0 3300ms=0 3350ms=0 3400ms=0 3450ms=0 3500ms=0 3550ms=0 3600ms=0 3650ms=0 3700ms=0 3750ms=0 3800ms=0 3850ms=0 3900ms=0 3950ms=0 4000ms=0 4050ms=0 4100ms=0 4150ms=0 4200ms=0 4250ms=0 4300ms=0 4350ms=0 4400ms=0 4450ms=0 4500ms=0 4550ms=0 4600ms=0 4650ms=0 4700ms=0 4750ms=0 4800ms=0 4850ms=0 4900ms=0 4950ms=0
50th gpu percentile: 16ms
90th gpu percentile: 4950ms
95th gpu percentile: 4950ms
99th gpu percentile: 4950ms
GPU HISTOGRAM: 1ms=0 2ms=0 3ms=0 4ms=0 5ms=0 6ms=0 7ms=1 8ms=1 9ms=1 10ms=2 11ms=5 12ms=14 13ms=11 14ms=25 15ms=32 16ms=49 17ms=16 18ms=3 19ms=3 20ms=2 21ms=1 22ms=4 23ms=8 24ms=0 25ms=3 4950ms=54



---PROFILEDATA---
Flags,FrameTimelineVsyncId,IntendedVsync,Vsync,InputEventId,HandleInputStart,AnimationStart,PerformTraversalsStart,DrawStart,FrameDeadline,FrameInterval,FrameStartTime,SyncQueued,SyncStart,IssueDrawCommandsStart,SwapBuffers,FrameCompleted,DequeueBufferDuration,QueueBufferDuration,GpuCompleted,SwapBuffersCompleted,DisplayPresentTime,CommandSubmissionCompleted,
0,106703,1311526584308,1311526584308,0,1311527368064,1311527368574,1311527368735,1311527431632,1311576584306,1311527366651,16666666,1311527575300,1311548782581,1311548820923,1311551621432,1311581566692,23253638,94746,1311581095805,1311581566692,0,1311551621432,
0,106728,1311826584296,1311826584296,0,1311827002775,1311827003617,1311827009287,1311827107781,1311843250962,1311826999940,16666666,1311827281735,1311827302053,1311827337689,1311828329688,1311847288624,2394,1007107,1311847193297,1311847288624,0,1311828329688,
0,106751,1312026584288,1312026584288,0,1312032103736,1312032104337,1312032104517,1312032179918,1312043250954,1312032100731,16666666,1312032353972,1312032377406,1312032417891,1312034341377,1312062366920,2235,130974,1312062366920,1312045681629,0,1312034341377,
0,106774,1312143250950,1312143250950,0,1312143484446,1312143485157,1312143490418,1312143562341,1312159917616,1312143481501,16666666,1312143988846,1312144807001,1312144872132,1312146483636,1312160855581,2174,125594,1312160855581,1312159561085,0,1312146483636,
0,106797,1312426584272,1312426584272,0,1312427121560,1312427122131,1312427128343,1312427239029,1312443250938,1312427118264,16666666,1312427402564,1312427424545,1312427478986,1312431378647,1312443595785,3557,625305,1312443595785,1312440972908,0,1312431378647,
0,106820,1312526584268,1312526584268,0,1312526798298,1312526799140,1312526799320,1312526884098,1312543250934,1312526795182,16666666,1312527044617,1312527068181,1312527115419,1312528334037,1312543458723,2615,230790,1312543458723,1312536137539,0,1312528334037,
0,106850,1312726584260,1312726584260,0,1312727839540,1312727839881,1312727844028,1312727891958,1312743250926,1312727838318,16666666,1312728096098,1312728117158,1312728158695,1312730483889,1312760463213,2896,103794,1312760463213,1312743996491,0,1312730483889,
0,106888,1313026584248,1313026584248,0,1313026776349,1313026776870,1313026777020,1313026836161,1313043250914,1313026773534,16666666,1313026946866,1313026962666,1313027018199,1313029365018,1313043426334,2515,232564,1313043426334,1313036578852,0,1313029365018,
0,106896,1313043250914,1313059917580,0,1313068394461,1313068395864,1313068409199,1313068498996,1313076584246,1313068391195,16666666,1313069663547,1313069690857,1313069743015,1313070986955,1313093512273,2706,643500,1313093512273,1313090459936,0,1313070986955,
0,106933,1313326584236,1313326584236,0,1313327515438,1313327515829,1313327521460,1313327597070,1313343250902,1313327513594,16666666,1313327756027,1313327779029,1313327828071,1313330264782,1313343466488,2535,213758,1313343466488,1313339352919,0,1313330264782,
0,106956,1313526584228,1313526584228,0,1313527308499,1313527308800,1313527308990,1313527388969,1313543250894,1313527306506,16666666,1313527538307,1313527562854,1313527606164,1313528693188,1313544768319,3717,314516,1313544610064,1313544768319,0,1313528693188,
0,106964,1313643250890,1313643250890,0,1313643695326,1313643695947,1313643704413,1313643772991,1313659917556,1313643692401,16666666,1313643935744,1313643958818,1313643999673,1313646428440,1313660198603,2674,329884,1313660198603,1313656499739,0,1313646428440,
0,107002,1313909917546,1313909917546,0,1313910636517,1313910636898,1313910642308,1313910699845,1313926584212,1313910634804,16666666,1313910836650,1313910878549,1313910915246,1313932940374,1313960944027,2023,220351,1313960944027,1313944471334,0,1313932940374,
0,107010,1314026584208,1314026584208,0,1314026815610,1314026816421,1314026816622,1314026907401,1314043250874,1314026812444,16666666,1314027072709,1314027118284,1314027167646,1314028607466,1314060074689,3787,304387,1314060074689,1314044139544,0,1314028607466,
0,107033,1314226584200,1314226584200,0,1314226818916,1314226819437,1314226825648,1314226998320,1314243250866,1314226816492,16666666,1314227298350,1314227317145,1314227378529,1314228964635,1314244378592,2414,132237,1314244378592,1314236684464,0,1314228964635,
0,107041,1314243250866,1314243250866,0,1314244458204,1314244458675,1314244458826,1314244559383,1314276584198,1314244456492,16666666,1314244638250,1314244655252,1314244690207,1314265936944,1314293508899,4277710,264924,1314293508899,1314279357611,0,1314265936944,
0,107080,1314526584188,1314526584188,0,1314526775068,1314526775359,1314526777994,1314526867651,1314543250854,1314526772844,16666666,1314527034131,1314527059418,1314527102258,1314528296043,1314543754463,2263,129912,1314543754463,1314536799671,0,1314528296043,
0,107088,1314576584186,1314576584186,0,1314576772998,1314576773619,1314576784590,1314576868075,1314593250852,1314576769762,16666666,1314577116538,1314577141335,1314577261528,1314579124030,1314593542270,3907,264193,1314593542270,1314587447993,0,1314579124030,
0,107111,1314859917508,1314859917508,0,1314861102656,1314861103156,1314861107785,1314861208864,1314876584174,1314861099389,16666666,1314861345358,1314861369323,1314861446938,1314863147594,1314877332045,2335,123249,1314877332045,1314872605170,0,1314863147594,
0,107134,1315026584168,1315026584168,0,1315026833962,1315026834613,1315026834794,1315026911717,1315043250834,1315026831237,16666666,1315027049905,1315027071065,1315027111359,1315029615386,1315045379089,2354,225780,1315045379089,1315036981975,0,1315029615386,
0,107157,1315193250828,1315193250828,0,1315193470889,1315193471421,1315193478724,1315193550628,1315209917494,1315193467784,16666666,1315193683044,1315193701910,1315193751813,1315196408486,1315210101584,2955,238845,1315210101584,1315203102451,0,1315196408486,
0,107180,1315476584150,1315476584150,0,1315476794723,1315476795263,1315476799692,1315476872367,1315493250816,1315476791727,16666666,1315477021846,1315477044978,1315477092367,1315480341843,1315493502586,2505,217635,1315493502586,1315487715525,0,1315480341843,
0,107203,1315526584148,1315526584148,0,1315526739065,1315526739515,1315526739655,1315526809476,1315543250814,1315526736590,16666666,1315526981185,1315526998829,1315527032922,1315551921504,1315562839083,3718,419241,1315562839083,1315558960773,0,1315551921504,
0,107226,1315776584138,1315776584138,0,1315777275891,1315777276392,1315777281071,1315777341152,1315793250804,1315777273126,16666666,1315777461908,1315777481364,1315777522090,1315779692367,1315793452942,4228,287276,1315793452942,1315789043534,0,1315779692367,
0,107249,1316026584128,1316026584128,0,1316026844396,1316026844976,1316026845167,1316026920187,1316043250794,1316026841700,16666666,1316027052664,1316027073452,1316027114358,1316030495785,1316047649060,1954,247051,1316047581705,1316047649060,0,1316030495785,
0,107264,1316093250792,1316093250792,0,1316094420928,1316094421519,1316094427741,1316094501238,1316109917458,1316094417972,16666666,1316094649264,1316094867370,1316094915410,1316101539725,1316143804773,2425,227414,1316143804773,1316129377135,0,1316101539725,
0,107295,1316393250780,1316393250780,0,1316393487921,1316393488813,1316393500534,1316393579452,1316409917446,1316393484945,16666666,1316393743307,1316393765408,1316393817946,1316396130997,1316410746789,2624,334273,1316410746789,1316402861300,0,1316396130997,
0,107318,1316543250774,1316543250774,0,1316543428133,1316543428564,1316543428795,1316543526978,1316559917440,1316543425559,16666666,1316543693488,1316543715709,1316543762296,1316544817072,1316560252188,3266,4300084,1316560252188,1316557759062,0,1316544817072,
0,107333,1316693250768,1316693250768,0,1316695382494,1316695382674,1316695389327,1316695462012,1316709917434,1316695381232,16666666,1316695616480,1316700071673,1316700122789,1316705141732,1316727590499,1944,314897,1316727590499,1316712395489,0,1316705141732,
0,107363,1316959917424,1316959917424,0,1316960429445,1316960430026,1316960436047,1316960506358,1316976584090,1316960426539,16666666,1316960648112,1316960666186,1316960709206,1316961473130,1316978745170,3998,627479,1316978745170,1316974209827,0,1316961473130,
0,107371,1317043250754,1317043250754,0,1317043701777,1317043702599,1317043702769,1317043778170,1317059917420,1317043698120,16666666,1317043911758,1317043933509,1317043974084,1317045686195,1317060692080,3136,315097,1317060692080,1317057554594,0,1317045686195,
0,107394,1317276584078,1317276584078,0,1317276776756,1317276777197,1317276782626,1317276842047,1317293250744,1317276774592,16666666,1317276965507,1317276983761,1317277025920,1317278062231,1317293528723,2414,134591,1317293528723,1317289129083,0,1317278062231,
0,107432,1317543250734,1317543250734,0,1317543398238,1317543398568,1317543398709,1317543472136,1317559917400,1317543396465,16666666,1317543597480,1317543613649,1317543650508,1317545250493,1317560275852,2254,172492,1317560275852,1317551811527,0,1317545250493,
0,107440,1317593250732,1317593250732,0,1317593560808,1317593561419,1317593566478,1317593632061,1317609917398,1317593558043,16666666,1317593783172,1317593804222,1317593845619,1317600121039,1317627413623,2214,1929025,1317627413623,1317611513350,0,1317600121039,
0,107463,1317876584054,1317876584054,0,1317876989583,1317876990184,1317876996676,1317877071376,1317893250720,1317876986668,16666666,1317877257653,1317877280806,1317877460401,1317879241029,1317896063060,2394,157033,1317896063060,1317891011426,0,1317879241029,
0,107486,1318043250714,1318043250714,0,1318043629255,1318044649897,1318044650208,1318044737641,1318059917380,1318043625428,16666666,1318044895074,1318044919279,1318044966317,1318049325972,1318063286968,3637,414071,1318063286968,1318059711057,0,1318049325972,
0,107509,1318193250708,1318193250708,0,1318193779797,1318193780388,1318193785718,1318193858333,1318209917374,1318193776771,16666666,1318194014915,1318194037036,1318194102919,1318198161953,1318210155055,2575,318193,1318210155055,1318206623173,0,1318198161953,
0,107539,1318493250696,1318493250696,0,1318493431330,1318493431931,1318493437190,1318493499927,1318509917362,1318493428735,16666666,1318493631933,1318493802080,1318493853586,1318494862987,1318528998823,2895,847039,1318510706102,1318528998823,0,1318494862987,
0,107555,1318543250694,1318543250694,0,1318544442801,1318544443272,1318544443412,1318544514765,1318559917360,1318544440557,16666666,1318544636041,1318562990865,1318563030820,1318565509460,1318577468630,2554,354151,1318577468630,1318574079018,0,1318565509460,
0,107578,1318809917350,1318809917350,0,1318810205125,1318810205896,1318810212008,1318810288671,1318826584016,1318810201749,16666666,1318810450192,1318810476351,1318810526944,1318812924103,1318829226662,2875,279822,1318829226662,1318823631508,0,1318812924103,
0,107601,1319043250674,1319043250674,0,1319043521648,1319043522129,1319043522309,1319043595405,1319059917340,1319043519003,16666666,1319043731248,1319043752939,1319043795899,1319044982000,1319076752129,2975,258121,1319076752129,1319064936338,0,1319044982000,
0,107624,1319109917338,1319126584004,0,1319135245800,1319135246251,1319135256580,1319135333263,1319126584004,1319135243716,16666666,1319136456536,1319136492673,1319136542757,1319137734147,1319160562294,2634,174385,1319160562294,1319146517939,0,1319137734147,
0,107647,1319409917326,1319409917326,0,1319410097185,1319410097716,1319410102465,1319410204856,1319426583992,1319410093869,16666666,1319410357220,1319410378729,1319410436417,1319416289275,1319428277335,2345,241851,1319428277335,1319421591246,0,1319416289275,
0,107670,1319543250654,1319543250654,0,1319543406409,1319543406741,1319543406921,1319543494224,1319559917320,1319543404406,16666666,1319543650885,1319543672425,1319543719713,1319546316967,1319577041597,2454,142305,1319577041597,1319560842608,0,1319546316967,
0,107693,1319743250646,1319743250646,0,1319743420731,1319743421442,1319743426051,1319743485913,1319759917312,1319743418748,16666666,1319743630452,1319743647003,1319743688000,1319745824451,1319760179357,2634,311661,1319760179357,1319759395325,0,1319745824451,
0,107716,1320026583968,1320026583968,0,1320027288919,1320027289580,1320027295821,1320027366403,1320043250634,1320027285973,16666666,1320027521802,1320027543673,1320027599398,1320028851921,1320043479653,2675,283930,1320043479653,1320041642129,0,1320028851921,
0,107724,1320043250634,1320059917300,0,1320065184954,1320065185796,1320065185986,1320065265004,1320076583966,1320065181759,16666666,1320065410114,1320065453895,1320065615808,1320067823311,1320095170876,3747,238555,1320095170876,1320077927783,0,1320067823311,
0,107762,1320343250622,1320343250622,0,1320343547910,1320343548281,1320343553420,1320343655100,1320359917288,1320343546066,16666666,1320344177063,1320344195697,1320344227977,1320347174118,1320362048902,2304,208038,1320362048902,1320357607855,0,1320347174118,
0,107785,1320543250614,1320543250614,0,1320543619961,1320543620312,1320543620602,1320543706182,1320559917280,1320543618208,16666666,1320543859998,1320543883753,1320543932413,1320545350877,1320560381278,3456,276095,1320560381278,1320556210576,0,1320545350877,
0,107793,1320659917276,1320659917276,0,1320660170584,1320660171445,1320660176053,1320660240704,1320676583942,1320660165584,16666666,1320660383430,1320660403567,1320660489107,1320662358230,1320674973461,2835,398763,1320674907658,1320674973461,0,1320662358230,
0,107831,1320959917264,1320959917264,0,1320960229814,1320960230204,1320960235194,1320960299934,1320976583930,1320960228080,16666666,1320960449733,1320960469380,1320960508443,1320963677379,1320976798342,1773,106599,1320976798342,1320972560675,0,1320963677379,
0,107839,1321059917260,1321059917260,0,1321060148534,1321060149316,1321060149506,1321060223775,1321076583926,1321060145589,16666666,1321060359037,1321060380967,1321060422986,1321062144704,1321078200747,2735,645102,1321078200747,1321074853778,0,1321062144704,
0,107862,1321259917252,1321259917252,0,1321260196014,1321260196585,1321260202156,1321260326738,1321276583918,1321260193190,16666666,1321261555739,1321261574834,1321261639054,1321263357226,1321289291952,4258,529747,1321289291952,1321277438329,0,1321263357226,
0,107869,1321276583918,1321276583918,0,1321276808164,1321276808535,1321276808695,1321276863107,1321293250584,1321276806451,16666666,1321276927667,1321277458266,1321277523608,1321279028132,1299487658537,41078664,107210,1299487584529,1321330444886,0,1321279028132,
0,107908,1321559917240,1321559917240,0,1321560935934,1321560936054,1321560936174,1321561025009,1321576583906,1321560934831,16666666,1321561189697,1321561217238,1321561254978,1321582849914,1321593978459,2835,164898,1321593978459,1321591983090,0,1321582849914,
0,107916,1321593250572,1321593250572,0,1321593766148,1321593766629,1321593772731,1321593832211,1321626583904,1321593763483,16666666,1321593963065,1321615340090,1321615405552,1321617077548,1321643481764,2685,210192,1321643481764,1321626869818,0,1321617077548,
0,107939,1321909917226,1321909917226,0,1321910229663,1321910230154,1321910234762,1321910361318,1321926583892,1321910227098,16666666,1321910559467,1321910612356,1321910712162,1321912873660,1321929383170,2194,159697,1321929383170,1321923813028,0,1321912873660,
0,107962,1322059917220,1322059917220,0,1322060154586,1322060155127,1322060155317,1322060235136,1322076583886,1322060152101,16666666,1322060370619,1322060390055,1322060425511,1322061943891,1322077578027,2675,368006,1322077578027,1322072961834,0,1322061943891,
0,107985,1322226583880,1322226583880,0,1322226769424,1322226769945,1322226776658,1322226861195,1322243250546,1322226765968,16666666,1322227035190,1322227055618,1322227148330,1322228431051,1322245030965,2424,222334,1322245030965,1322241720679,0,1322228431051,
0,108008,1322509917202,1322509917202,0,1322510505172,1322510505623,1322510510512,1322510568801,1322526583868,1322510502587,16666666,1322510732576,1322510755840,1322510798479,1322512111025,1322527121622,3196,297454,1322527121622,1322523408560,0,1322512111025,
0,108023,1322559917200,1322559917200,0,1322560232518,1322560233028,1322560233219,1322560311034,1322576583866,1322560229692,16666666,1322560454912,1322564067112,1322564113037,1322566273306,1322616241227,5310,39688874,1322599881861,1322616241227,0,1322566273306,
0,108054,1322826583856,1322826583856,0,1322826789526,1322826790358,1322826796919,1322826871228,1322843250522,1322826786591,16666666,1322827050512,1322827105765,1322827155448,1322829218059,1322844189241,2635,306271,1322844189241,1322843144714,0,1322829218059,
0,108077,1323059917180,1323059917180,0,1323060135873,1323060136343,1323060136533,1323060435861,1323076583846,1323060133508,16666666,1323060909684,1323060932718,1323060973864,1323064424234,1323093381191,2645,272037,1323093381191,1323079696337,0,1323064424234,
0,108085,1323143250510,1323143250510,0,1323145294071,1323145294983,1323145304561,1323145385521,1323159917176,1323145290645,16666666,1323145579814,1323145604701,1323145666295,1323147181449,1323160606426,2394,125564,1323160606426,1323158410256,0,1323147181449,
0,108123,1323426583832,1323426583832,0,1323426934527,1323426934918,1323426939737,1323427005680,1323443250498,1323426932243,16666666,1323427206314,1323427239626,1323427286853,1323430256298,1323442687716,2865,1674110,1323442617235,1323442687716,0,1323430256298,
0,108138,1323559917160,1323559917160,0,1323560247679,1323560247860,1323560248030,1323560345030,1323576583826,1323560245926,16666666,1323560503827,1323565503297,1323565547610,1323570243251,1323610218749,2986,188111,1323610218749,1323604636816,0,1323570243251,
0,108154,1323726583820,1323726583820,0,1323726777056,1323726777767,1323726782586,1323726853248,1323743250486,1323726773389,16666666,1323727029386,1323727086492,1323727136545,1323728905242,1323743531178,2354,256789,1323743531178,1323738727107,0,1323728905242,
0,108192,1324026583808,1324026583808,0,1324027237078,1324027237428,1324027241366,1324027300065,1324043250474,1324027235545,16666666,1324027428735,1324027450976,1324027486082,1324028762150,1324041530713,3096,484564,1324041460543,1324041530713,0,1324028762150,
0,108200,1324059917140,1324059917140,0,1324060046870,1324060047330,1324060047501,1324060179717,1324076583806,1324060044375,16666666,1324060303688,1324065579823,1324065623384,1324067462250,1324076983727,2153,151933,1324076983727,1324072985834,0,1324067462250,
0,108223,1324343250462,1324343250462,0,1324343769787,1324343770548,1324343776739,1324343847141,1324359917128,1324343766841,16666666,1324344074314,1324344096846,1324344177146,1324345322080,1324360502914,2785,277787,1324360502914,1324355238500,0,1324345322080,
0,108253,1324559917120,1324559917120,0,1324561330253,1324561330483,1324561330654,1324561414440,1324576583786,1324561329011,16666666,1324561560332,1324568073978,1324568112560,1324571826622,1324596250007,1874,199112,1324596250007,1324583245393,0,1324571826622,
0,108268,1324643250450,1324643250450,0,1324643699953,1324643700534,1324643705464,1324643830386,1324659917116,1324643696567,16666666,1324644719914,1324644739902,1324644807157,1324645973420,1324660952336,3816,202437,1324660952336,1324655884511,0,1324645973420,
0,108276,1324659917116,1324659917116,0,1324660980285,1324660980756,1324660980907,1324661027634,1324693250448,1324660979123,16666666,1324661156333,1324680912605,1324680974231,1324682612841,1324696437238,2504,219850,1324696437238,1324692512661,0,1324682612841,
0,108306,1324959917104,1324959917104,0,1324960218187,1324960218388,1324960222886,1324960493319,1324976583770,1324960216854,16666666,1324964505607,1324964523480,1324964598610,1324968084207,1324993442018,1453,125855,1324993442018,1324980842066,0,1324968084207,
0,108321,1325059917100,1325059917100,0,1325060155209,1325060155851,1325060156011,1325060232975,1325076583766,1325060151974,16666666,1325060369549,1325060390148,1325060430272,1325062913651,1325098983380,3817,23978047,1325076772716,1325098983380,0,1325062913651,
0,108344,1325259917092,1325259917092,0,1325260333714,1325260334355,1325260340717,1325260409515,1325276583758,1325260331340,16666666,1325260543885,1325260566869,1325260614417,1325262375950,1325293418213,2435,129791,1325293418213,1325275953194,0,1325262375950,
0,108367,1325543250414,1325543250414,0,1325543966576,1325543967087,1325543971946,1325544090457,1325559917080,1325543964001,16666666,1325544222192,1325544242080,1325544294497,1325549501688,1325577178760,2956,239296,1325577178760,1325563730587,0,1325549501688,
0,108381,1325559917080,1325559917080,0,1325560252535,1325560252816,1325560253005,1325560287971,1325609917078,1325560251774,16666666,1325560405119,1325563751416,1325563780169,1325569573476,1325608199195,28454600,123581,1325604843448,1325608199195,0,1325569573476,
0,108412,1325843250402,1325843250402,0,1325843643556,1325843644137,1325843648565,1325843712004,1325859917068,1325843641331,16666666,1325843841705,1325843861793,1325843915262,1325846446307,1325860192084,2736,281825,1325860192084,1325855602150,0,1325846446307,
0,108435,1326059917060,1326059917060,0,1326060268975,1326060269306,1326060269546,1326060343895,1326076583726,1326060266510,16666666,1326060469248,1326060487923,1326060522487,1326062757563,1326077498041,2565,340715,1326077498041,1326071212016,0,1326062757563,
0,108458,1326176583722,1326193250388,0,1326197960544,1326197960714,1326197968279,1326198071541,1326193250388,1326197959552,16666666,1326198207544,1326198345381,1326198395324,1326202664020,1326226758672,2545,222685,1326226758672,1326215255464,0,1326202664020,
0,108481,1326493250376,1326493250376,0,1326493471971,1326493472622,1326493483112,1326493564984,1326509917042,1326493468384,16666666,1326493737836,1326493764056,1326493823516,1326495667592,1326512208723,2414,412800,1326512208723,1326507700872,0,1326495667592,
0,108496,1326559917040,1326559917040,0,1326560286985,1326560287886,1326560288067,1326560375019,1326576583706,1326560283459,16666666,1326560535739,1326560811903,1326560851216,1326562693590,1326595103812,1984,168975,1326595103812,1326583533719,0,1326562693590,
0,108518,1326759917032,1326759917032,0,1326760853110,1326760853621,1326760859212,1326760926948,1326776583698,1326760850115,16666666,1326761108446,1326761297759,1326764077299,1326765559952,1326776814602,2324,105557,1326776814602,1326773071531,0,1326765559952,
0,108548,1327059917020,1327059917020,0,1327060162627,1327060163188,1327060168227,1327060241644,1327076583686,1327060159642,16666666,1327060391434,1327060415959,1327060464630,1327061962644,1327080067824,3607,228055,1327080067824,1327076457358,0,1327061962644,
0,108556,1327076583686,1327076583686,0,1327077105413,1327077105793,1327077105954,1327077155646,1327109917018,1327077104091,16666666,1327077280940,1327077483421,1327077533764,1327078661984,1327113330354,153787,221693,1327113095848,1327113330354,0,1327078661984,
0,108586,1327359917008,1327359917008,0,1327360216652,1327360216803,1327360220480,1327360277195,1327376583674,1327360215290,16666666,1327360392700,1327360520559,1327360608983,1327363076523,1327393434455,2664,358127,1327393434455,1327386338711,0,1327363076523,
0,108616,1327576583666,1327609916998,0,1327616114590,1327616115451,1327616115632,1327616197304,1327593250332,1327616111024,16666666,1327616349357,1327616654987,1327616710982,1327618531314,1327643525665,2584,202617,1327643525665,1327628681300,0,1327618531314,
0,108624,1327659916996,1327659916996,0,1327660270941,1327660271502,1327660278986,1327660407966,1327676583662,1327660228201,16666666,1327660670195,1327660697245,1327660806158,1327669785455,1327681337274,2845,564061,1327681279345,1327681337274,0,1327669785455,
0,108654,1327959916984,1327959916984,0,1327960753222,1327960753412,1327960758211,1327960856735,1327976583650,1327960751629,16666666,1327961396020,1327964162175,1327964206858,1327972634264,1328009797046,1974,196456,1328009797046,1327989117183,0,1327972634264,
0,108670,1328076583646,1328076583646,0,1328080131408,1328080132350,1328080132741,1328080235623,1328093250312,1328080127942,16666666,1328080406822,1328080445964,1328080498353,1328082351727,1328094074594,4689,409392,1328094074594,1328092521259,0,1328082351727,
0,108693,1328293250304,1328293250304,0,1328293439352,1328293439853,1328293445153,1328293564966,1328309916970,1328293436537,16666666,1328293716759,1328293738099,1328293795836,1328295596756,1328312283040,2374,254845,1328312283040,1328304729723,0,1328295596756,
0,108731,1328576583626,1328593250292,0,1328603510383,1328603510914,1328603518448,1328603587987,1328593250292,1328603507838,16666666,1328603828516,1328603965411,1328604049428,1328609815854,1328626764169,2795,179665,1328626764169,1328618651731,0,1328609815854,
0,108738,1328609916958,1328609916958,0,1328611198053,1328611198344,1328611198534,1328611229953,1328659916956,1328611197221,16666666,1328611306055,1328618673292,1328618714298,1328623197141,1328660099625,20088,463554,1328660099625,1328644335646,0,1328623197141,
0,108762,1328909916946,1328909916946,0,1328910311740,1328910312261,1328910317421,1328910381481,1328926583612,1328910308925,16666666,1328910548712,1328910571975,1328910605568,1328912269569,1328927238138,2353,249385,1328927238138,1328924151603,0,1328912269569,
0,108785,1329109916938,1329109916938,0,1329111020008,1329111020739,1329111020920,1329111103684,1329126583604,1329111016922,16666666,1329111246880,1329111276135,1329111322632,1329116173549,1329143437400,3096,449017,1329143437400,1329134325428,0,1329116173549,
0,108808,1329243250266,1329243250266,0,1329243443447,1329243443818,1329243449338,1329243515131,1329259916932,1329243441073,16666666,1329243656905,1329243718802,1329243782411,1329246259838,1329260222751,2946,129793,1329260222751,1329252653484,0,1329246259838,
0,108831,1329509916922,1329509916922,0,1329510097047,1329510097558,1329510102277,1329510188327,1329526583588,1329510094312,16666666,1329510322127,1329510344699,1329510387749,1329511947703,1329526768494,2645,335155,1329526768494,1329520824507,0,1329511947703,
0,108854,1329609916918,1329626583584,0,1329632870227,1329632870687,1329632870878,1329632947640,1329626583584,1329632867771,16666666,1329633125923,1329633355170,1329633395766,1329639170568,1329660092059,2334,162813,1329660092059,1329650641543,0,1329639170568,
0,108877,1329809916910,1329809916910,0,1329810181782,1329810181932,1329810186310,1329810239359,1329826583576,1329810180840,16666666,1329810479687,1329810506377,1329810546993,1329837512710,1329860101157,2775,214139,1329860101157,1329850117401,0,1329837512710,
0,108900,1330109916898,1330109916898,0,1330110105354,1330110109000,1330110109191,1330110183028,1330126583564,1330110102157,16666666,1330110310866,1330110331785,1330110371390,1330112344547,1330132142191,3326,291333,1330132142191,1330122945433,0,1330112344547,
0,108908,1330126583564,1330126583564,0,1330128575785,1330128576115,1330128580693,1330128629876,1330159916896,1330128574201,16666666,1330128734650,1330128747915,1330128777019,1330130253461,1330176690576,459857,104715,1330176690576,1330166860857,0,1330130253461,
0,108946,1330459916884,1330459916884,0,1330460205464,1330460206235,1330460210674,1330460275765,1330476583550,1330460203650,16666666,1330460405006,1330460421597,1330460465348,1330464598822,1330478659210,2765,299097,1330478659210,1330474103027,0,1330464598822,
0,108961,1330609916878,1330609916878,0,1330610325093,1330610325673,1330610325854,1330610412666,1330626583544,1330610321937,16666666,1330610566162,1330615464561,1330615507551,1330618227427,1330661347218,2353,172041,1330661347218,1330634721249,0,1330618227427,
0,108978,1330776583538,1330776583538,0,1330777143693,1330777144274,1330777149594,1330777219655,1330793250204,1330777140848,16666666,1330777369133,1330777428474,1330777518772,1330779271839,1330792039354,2605,215271,1330791987447,1330792039354,0,1330779271839,
0,109016,1331076583526,1331076583526,0,1331076795378,1331076795869,1331076803353,1331076879645,1331093250192,1331076791892,16666666,1331077112469,1331077136534,1331077194542,1331080814728,1331095034269,2334,129081,1331095034269,1331091795533,0,1331080814728,
0,109024,1331126583524,1331126583524,0,1331126790372,1331126790944,1331126791104,1331126866624,1331143250190,1331126787337,16666666,1331127027033,1331127048393,1331127092075,1331127937620,1331144312957,2545,193771,1331144312957,1331139296490,0,1331127937620,
0,109054,1331409916846,1331409916846,0,1331411240855,1331411240995,1331411245383,1331411305265,1331426583512,1331411239723,16666666,1331411429116,1331415622100,1331415661424,1331416938656,1331452487904,3517,608304,1331452198735,1331452487904,0,1331416938656,
0,109085,1331626583504,1331659916836,0,1331661576799,1331661577561,1331661577751,1331661676305,1331643250170,1331661573724,16666666,1331661930368,1331661956066,1331662033701,1331663448518,1331676723080,2384,170598,1331676723080,1331674602518,0,1331663448518,
0,109093,1331726583500,1331726583500,0,1331726777725,1331726778267,1331726783306,1331726886208,1331743250166,1331726774780,16666666,1331727028723,1331727048791,1331727100336,1331728397965,1331743640452,2534,227865,1331743640452,1331739105210,0,1331728397965,
0,109123,1332009916822,1332009916822,0,1332010294053,1332010294524,1332010299272,1332010361689,1332026583488,1332010291488,16666666,1332010488415,1332010506869,1332010540191,1332011647184,1332026783764,2555,266807,1332026783764,1332019453843,0,1332011647184,
0,109138,1332126583484,1332126583484,0,1332126943681,1332126944263,1332126944553,1332127020384,1332143250150,1332126940716,16666666,1332127154113,1332127172347,1332127220547,1332128232423,1332143656176,2554,264452,1332143656176,1332141732042,0,1332128232423,
0,109161,1332309916810,1332309916810,0,1332311023474,1332311026510,1332311033443,1332311104515,1332326583476,1332311017032,16666666,1332311262539,1332311282948,1332311340635,1332313102348,1332344287437,2334,278630,1332344287437,1332327601712,0,1332313102348,
0,109184,1332576583466,1332576583466,0,1332576800290,1332576800731,1332576805079,1332576885269,1332593250132,1332576797925,16666666,1332577000262,1332577017885,1332577052680,1332580290214,1332593677150,3086,201536,1332593677150,1332592363435,0,1332580290214,
0,109207,1332626583464,1332626583464,0,1332627153532,1332627153973,1332627154133,1332627254249,1332643250130,1332627151428,16666666,1332627373883,1332627390102,1332627433143,1332650770343,1332676861401,2313,123461,1332676861401,1332661281961,0,1332650770343,
0,109230,1332893250120,1332893250120,0,1332893570191,1332893570681,1332893574979,1332893639820,1332909916786,1332893567416,16666666,1332893784329,1332894050125,1332894094748,1332895187184,1332910078689,2755,126004,1332910078689,1332901119184,0,1332895187184,
0,109238,1332909916786,1332909916786,0,1332912103015,1332912103616,1332912122892,1332912945204,1332943250118,1332912100811,16666666,1332913397807,1332919028371,1332919194591,1332930928857,1332942911281,2164,114132,1332942911281,1332935297111,0,1332930928857,
0,109245,1332926583452,1332926583452,0,1332928547702,1332928548353,1332928548483,1332928607023,1332959916784,1332928545689,16666666,1332928710024,1332935324923,1332935381889,1332937602076,1332960094522,15381695,121636,1332960094522,1332958430554,0,1332937602076,
0,109276,1333126583444,1333126583444,0,1333126836112,1333126836542,1333126836683,1333126944524,1333143250110,1333126833307,16666666,1333127066010,1333127149107,1333127203108,1333128364773,1333143461208,2896,310749,1333143461208,1333133954510,0,1333128364773,
0,109284,1333626583424,1333626583424,0,1333626761484,1333626762506,1333626762657,1333626864527,1333643250090,1333626758629,16666666,1333627023042,1333627621272,1333627658091,1333629454698,1333643406886,2885,160529,1333643406886,1333638453149,0,1333629454698,
---PROFILEDATA---


View hierarchy:

  com.ggufchat.app/com.ggufchat.app.MainActivity/android.view.ViewRootImpl@75ca09d
  63 views, 100.63 kB of render nodes

  com.ggufchat.app/com.ggufchat.app.ChatActivity/android.view.ViewRootImpl@1ce6912
  41 views, 78.41 kB of render nodes


Total ViewRootImpl   : 2
Total attached Views : 104
Total RenderNode     : 179.03 kB (used) / 313.38 kB (capacity)