Applications Graphics Acceleration Info:
Uptime: 414549 Realtime: 414549

** Graphics info for pid 7453 [com.ggufchat.app] **

Stats since: 361907677564ns
Total frames rendered: 236
Janky frames: 220 (93.22%)
Janky frames (legacy): 78 (33.05%)
50th percentile: 17ms
90th percentile: 34ms
95th percentile: 48ms
99th percentile: 48ms
Number Missed Vsync: 12
Number High input latency: 10
Number Slow UI thread: 4
Number Slow bitmap uploads: 0
Number Slow issue draw commands: 218
Number Frame deadline missed: 220
Number Frame deadline missed (legacy): 73
HISTOGRAM: 5ms=0 6ms=0 7ms=0 8ms=0 9ms=0 10ms=0 11ms=1 12ms=2 13ms=2 14ms=3 15ms=5 16ms=70 17ms=40 18ms=15 19ms=14 20ms=2 21ms=2 22ms=6 23ms=0 24ms=0 25ms=1 26ms=0 27ms=2 28ms=2 29ms=2 30ms=0 31ms=2 32ms=29 34ms=14 36ms=3 38ms=1 40ms=2 42ms=0 44ms=0 46ms=1 48ms=14 53ms=1 57ms=0 61ms=0 65ms=0 69ms=0 73ms=0 77ms=0 81ms=0 85ms=0 89ms=0 93ms=0 97ms=0 101ms=0 105ms=0 109ms=0 113ms=0 117ms=0 121ms=0 125ms=0 129ms=0 133ms=0 150ms=0 200ms=0 250ms=0 300ms=0 350ms=0 400ms=0 450ms=0 500ms=0 550ms=0 600ms=0 650ms=0 700ms=0 750ms=0 800ms=0 850ms=0 900ms=0 950ms=0 1000ms=0 1050ms=0 1100ms=0 1150ms=0 1200ms=0 1250ms=0 1300ms=0 1350ms=0 1400ms=0 1450ms=0 1500ms=0 1550ms=0 1600ms=0 1650ms=0 1700ms=0 1750ms=0 1800ms=0 1850ms=0 1900ms=0 1950ms=0 2000ms=0 2050ms=0 2100ms=0 2150ms=0 2200ms=0 2250ms=0 2300ms=0 2350ms=0 2400ms=0 2450ms=0 2500ms=0 2550ms=0 2600ms=0 2650ms=0 2700ms=0 2750ms=0 2800ms=0 2850ms=0 2900ms=0 2950ms=0 3000ms=0 3050ms=0 3100ms=0 3150ms=0 3200ms=0 3250ms=0 3300ms=0 3350ms=0 3400ms=0 3450ms=0 3500ms=0 3550ms=0 3600ms=0 3650ms=0 3700ms=0 3750ms=0 3800ms=0 3850ms=0 3900ms=0 3950ms=0 4000ms=0 4050ms=0 4100ms=0 4150ms=0 4200ms=0 4250ms=0 4300ms=0 4350ms=0 4400ms=0 4450ms=0 4500ms=0 4550ms=0 4600ms=0 4650ms=0 4700ms=0 4750ms=0 4800ms=0 4850ms=0 4900ms=0 4950ms=0
50th gpu percentile: 16ms
90th gpu percentile: 4950ms
95th gpu percentile: 4950ms
99th gpu percentile: 4950ms
GPU HISTOGRAM: 1ms=0 2ms=0 3ms=0 4ms=0 5ms=0 6ms=0 7ms=0 8ms=0 9ms=0 10ms=4 11ms=6 12ms=7 13ms=13 14ms=27 15ms=45 16ms=52 17ms=11 18ms=7 19ms=1 20ms=2 21ms=1 22ms=6 23ms=3 24ms=4 25ms=6 4950ms=41

Pipeline=Skia (OpenGL)
Memory policy:
  Max surface area: 2073600
  Max resource usage: 99.53MB (x48)
  Background retention: 50% (altUiHidden = true)
  GPU Context timeout: 10
Contexts: 2 (stopped = 1)
CPU Caches:
  Glyph Cache: 68.83 KB (1 entry)
  Glyph Count: 22 
Total CPU memory usage:
  70483 bytes, 68.83 KB (0.00 bytes is purgeable)
GPU Caches:
  Other:
    Other: 13.67 KB (1 entry)
    Buffer Object: 464.00 bytes (2 entries)
    StencilAttachment: 36.00 KB (3 entries)
  Scratch:
    RenderTarget: 36.00 KB (2 entries)
    Texture: 2.00 MB (2 entries)
    Buffer Object: 144.00 KB (4 entries)
Total GPU memory usage:
  2332928 bytes, 2.22 MB (136.45 KB is purgeable)

GraphicBufferAllocator buffers:
        Handle |        Size |     W (Stride) x H | Layers |   Format |      Usage | Requestor
0x7c3638733df0 |     unknown |  720 (   0) x 1280 |      1 |        1 | 0x     b00 | VRI[ChatActivity]#1(BLAST Consumer)1
0x7c3638734030 |     unknown |  720 (   0) x 1280 |      1 |        1 | 0x     b00 | VRI[ChatActivity]#1(BLAST Consumer)1
0x7c3638739910 |     unknown |  720 (   0) x 1280 |      1 |        1 | 0x     b00 | VRI[ChatActivity]#1(BLAST Consumer)1
Total allocated by GraphicBufferAllocator (estimate): 0.00 KB
GoldfishAllocator::dumpDebugInfo is not implemented
Profile data in ms:

	com.ggufchat.app/com.ggufchat.app.MainActivity/android.view.ViewRootImpl@25fa7f1 (visibility=8)
Window: com.ggufchat.app/com.ggufchat.app.MainActivity
Stats since: 361907292146ns
Total frames rendered: 0
Janky frames: 0 (0.00%)
Janky frames (legacy): 0 (0.00%)
50th percentile: 4950ms
90th percentile: 4950ms
95th percentile: 4950ms
99th percentile: 4950ms
Number Missed Vsync: 0
Number High input latency: 0
Number Slow UI thread: 0
Number Slow bitmap uploads: 0
Number Slow issue draw commands: 0
Number Frame deadline missed: 0
Number Frame deadline missed (legacy): 0
HISTOGRAM: 5ms=0 6ms=0 7ms=0 8ms=0 9ms=0 10ms=0 11ms=0 12ms=0 13ms=0 14ms=0 15ms=0 16ms=0 17ms=0 18ms=0 19ms=0 20ms=0 21ms=0 22ms=0 23ms=0 24ms=0 25ms=0 26ms=0 27ms=0 28ms=0 29ms=0 30ms=0 31ms=0 32ms=0 34ms=0 36ms=0 38ms=0 40ms=0 42ms=0 44ms=0 46ms=0 48ms=0 53ms=0 57ms=0 61ms=0 65ms=0 69ms=0 73ms=0 77ms=0 81ms=0 85ms=0 89ms=0 93ms=0 97ms=0 101ms=0 105ms=0 109ms=0 113ms=0 117ms=0 121ms=0 125ms=0 129ms=0 133ms=0 150ms=0 200ms=0 250ms=0 300ms=0 350ms=0 400ms=0 450ms=0 500ms=0 550ms=0 600ms=0 650ms=0 700ms=0 750ms=0 800ms=0 850ms=0 900ms=0 950ms=0 1000ms=0 1050ms=0 1100ms=0 1150ms=0 1200ms=0 1250ms=0 1300ms=0 1350ms=0 1400ms=0 1450ms=0 1500ms=0 1550ms=0 1600ms=0 1650ms=0 1700ms=0 1750ms=0 1800ms=0 1850ms=0 1900ms=0 1950ms=0 2000ms=0 2050ms=0 2100ms=0 2150ms=0 2200ms=0 2250ms=0 2300ms=0 2350ms=0 2400ms=0 2450ms=0 2500ms=0 2550ms=0 2600ms=0 2650ms=0 2700ms=0 2750ms=0 2800ms=0 2850ms=0 2900ms=0 2950ms=0 3000ms=0 3050ms=0 3100ms=0 3150ms=0 3200ms=0 3250ms=0 3300ms=0 3350ms=0 3400ms=0 3450ms=0 3500ms=0 3550ms=0 3600ms=0 3650ms=0 3700ms=0 3750ms=0 3800ms=0 3850ms=0 3900ms=0 3950ms=0 4000ms=0 4050ms=0 4100ms=0 4150ms=0 4200ms=0 4250ms=0 4300ms=0 4350ms=0 4400ms=0 4450ms=0 4500ms=0 4550ms=0 4600ms=0 4650ms=0 4700ms=0 4750ms=0 4800ms=0 4850ms=0 4900ms=0 4950ms=0
50th gpu percentile: 4950ms
90th gpu percentile: 4950ms
95th gpu percentile: 4950ms
99th gpu percentile: 4950ms
GPU HISTOGRAM: 1ms=0 2ms=0 3ms=0 4ms=0 5ms=0 6ms=0 7ms=0 8ms=0 9ms=0 10ms=0 11ms=0 12ms=0 13ms=0 14ms=0 15ms=0 16ms=0 17ms=0 18ms=0 19ms=0 20ms=0 21ms=0 22ms=0 23ms=0 24ms=0 25ms=0 4950ms=0



---PROFILEDATA---
Flags,FrameTimelineVsyncId,IntendedVsync,Vsync,InputEventId,HandleInputStart,AnimationStart,PerformTraversalsStart,DrawStart,FrameDeadline,FrameInterval,FrameStartTime,SyncQueued,SyncStart,IssueDrawCommandsStart,SwapBuffers,FrameCompleted,DequeueBufferDuration,QueueBufferDuration,GpuCompleted,SwapBuffersCompleted,DisplayPresentTime,CommandSubmissionCompleted,
---PROFILEDATA---


	com.ggufchat.app/com.ggufchat.app.ChatActivity/android.view.ViewRootImpl@d4c1fd6 (visibility=0)
Window: com.ggufchat.app/com.ggufchat.app.ChatActivity
Stats since: 361907677384ns
Total frames rendered: 236
Janky frames: 220 (93.22%)
Janky frames (legacy): 78 (33.05%)
50th percentile: 17ms
90th percentile: 34ms
95th percentile: 48ms
99th percentile: 48ms
Number Missed Vsync: 12
Number High input latency: 10
Number Slow UI thread: 4
Number Slow bitmap uploads: 0
Number Slow issue draw commands: 218
Number Frame deadline missed: 220
Number Frame deadline missed (legacy): 73
HISTOGRAM: 5ms=0 6ms=0 7ms=0 8ms=0 9ms=0 10ms=0 11ms=1 12ms=2 13ms=2 14ms=3 15ms=5 16ms=70 17ms=40 18ms=15 19ms=14 20ms=2 21ms=2 22ms=6 23ms=0 24ms=0 25ms=1 26ms=0 27ms=2 28ms=2 29ms=2 30ms=0 31ms=2 32ms=29 34ms=14 36ms=3 38ms=1 40ms=2 42ms=0 44ms=0 46ms=1 48ms=14 53ms=1 57ms=0 61ms=0 65ms=0 69ms=0 73ms=0 77ms=0 81ms=0 85ms=0 89ms=0 93ms=0 97ms=0 101ms=0 105ms=0 109ms=0 113ms=0 117ms=0 121ms=0 125ms=0 129ms=0 133ms=0 150ms=0 200ms=0 250ms=0 300ms=0 350ms=0 400ms=0 450ms=0 500ms=0 550ms=0 600ms=0 650ms=0 700ms=0 750ms=0 800ms=0 850ms=0 900ms=0 950ms=0 1000ms=0 1050ms=0 1100ms=0 1150ms=0 1200ms=0 1250ms=0 1300ms=0 1350ms=0 1400ms=0 1450ms=0 1500ms=0 1550ms=0 1600ms=0 1650ms=0 1700ms=0 1750ms=0 1800ms=0 1850ms=0 1900ms=0 1950ms=0 2000ms=0 2050ms=0 2100ms=0 2150ms=0 2200ms=0 2250ms=0 2300ms=0 2350ms=0 2400ms=0 2450ms=0 2500ms=0 2550ms=0 2600ms=0 2650ms=0 2700ms=0 2750ms=0 2800ms=0 2850ms=0 2900ms=0 2950ms=0 3000ms=0 3050ms=0 3100ms=0 3150ms=0 3200ms=0 3250ms=0 3300ms=0 3350ms=0 3400ms=0 3450ms=0 3500ms=0 3550ms=0 3600ms=0 3650ms=0 3700ms=0 3750ms=0 3800ms=0 3850ms=0 3900ms=0 3950ms=0 4000ms=0 4050ms=0 4100ms=0 4150ms=0 4200ms=0 4250ms=0 4300ms=0 4350ms=0 4400ms=0 4450ms=0 4500ms=0 4550ms=0 4600ms=0 4650ms=0 4700ms=0 4750ms=0 4800ms=0 4850ms=0 4900ms=0 4950ms=0
50th gpu percentile: 16ms
90th gpu percentile: 4950ms
95th gpu percentile: 4950ms
99th gpu percentile: 4950ms
GPU HISTOGRAM: 1ms=0 2ms=0 3ms=0 4ms=0 5ms=0 6ms=0 7ms=0 8ms=0 9ms=0 10ms=4 11ms=6 12ms=7 13ms=13 14ms=27 15ms=45 16ms=52 17ms=11 18ms=7 19ms=1 20ms=2 21ms=1 22ms=6 23ms=3 24ms=4 25ms=6 4950ms=41



---PROFILEDATA---
Flags,FrameTimelineVsyncId,IntendedVsync,Vsync,InputEventId,HandleInputStart,AnimationStart,PerformTraversalsStart,DrawStart,FrameDeadline,FrameInterval,FrameStartTime,SyncQueued,SyncStart,IssueDrawCommandsStart,SwapBuffers,FrameCompleted,DequeueBufferDuration,QueueBufferDuration,GpuCompleted,SwapBuffersCompleted,DisplayPresentTime,CommandSubmissionCompleted,
0,32402,392343287742,392343287742,0,392344204342,392344204612,392344204792,392344254074,392393287740,392344202838,16666666,392344306993,392364513922,392364557163,392368732885,392404828876,29069196,137987,392396697079,392404828876,0,392368732885,
0,32441,392626621064,392626621064,0,392628953190,392628953371,392628958209,392629053207,392643287730,392628952259,16666666,392629252929,392629272085,392629326156,392653276771,392676764213,3155,196046,392676764213,392662707217,0,392653276771,
0,32456,392809954390,392809954390,0,392810492007,392810492448,392810492609,392810562499,392826621056,392810489122,16666666,392810673376,392810688213,392810720383,392812231389,392830045909,1843,229558,392829971971,392830045909,0,392812231389,
0,32472,392976621050,392976621050,0,392977280138,392977280769,392977286230,392977358414,392993287716,392977277242,16666666,392977975013,392978099515,392978157744,392979255550,392994216004,2725,245948,392994216004,392990358742,0,392979255550,
0,32510,393293287704,393293287704,0,393293459844,393293460315,393293465735,393293534923,393309954370,393293457560,16666666,393293693900,393293713306,393293770082,393294900938,393310203902,2725,354722,393310203902,393303362277,0,393294900938,
0,32518,393309954370,393326621036,0,393331054120,393331054731,393331054922,393331126565,393343287702,393331051465,16666666,393331259473,393331452362,393331493168,393332541823,393344188293,1964,137366,393344188293,393341230175,0,393332541823,
0,32541,393593287692,393593287692,0,393593456810,393593457191,393593461649,393593518505,393609954358,393593431693,16666666,393593644200,393593715532,393593812533,393594820010,393610319797,3827,135091,393610319797,393609314885,0,393594820010,
0,32564,393809954350,393809954350,0,393811985977,393811986578,393811986769,393812115969,393826621016,393811983252,16666666,393812252483,393812278602,393812322965,393813333097,393843481224,2505,137887,393843481224,393834189637,0,393813333097,
0,32586,393893287680,393893287680,0,393893801868,393893802809,393893807288,393893872018,393909954346,393893799414,16666666,393894028951,393894077361,393894124088,393895303417,393910501911,3006,372905,393910501911,393905646673,0,393895303417,
0,32609,394193287668,394193287668,0,394193663703,394193664444,394193670384,394193749562,394209954334,394193660677,16666666,394193960035,394193984370,394194040594,394199510726,394213162740,3327,273250,394213105573,394213162740,0,394199510726,
0,32632,394309954330,394309954330,0,394310128742,394310129263,394310129403,394310189225,394326620996,394310125737,16666666,394310303808,394310318706,394310352850,394311757849,394327190931,3757,327270,394327190931,394324351537,0,394311757849,
0,32655,394509954322,394509954322,0,394510124888,394510125359,394510130518,394510193836,394526620988,394510122113,16666666,394510346801,394510368131,394510470992,394512618731,394529018304,2484,278719,394529018304,394519886956,0,394512618731,
0,32678,394793287644,394793287644,0,394793889644,394793890356,394793894714,394793966458,394809954310,394793886549,16666666,394794135523,394794155610,394794215973,394795458922,394810150016,3437,156612,394810150016,394804056395,0,394795458922,
0,32686,394809954310,394809954310,0,394810180508,394810180819,394810180999,394810227686,394843287642,394810179466,16666666,394810359071,394810373248,394810401140,394829248114,394843451942,1432670,302103,394843451942,394837702295,0,394829248114,
0,32724,395126620964,395126620964,0,395126866227,395126866608,395126871066,395126981562,395143287630,395126864684,16666666,395127232379,395127246846,395127309113,395129997793,395154501026,2304,169567,395154501026,395144289703,0,395129997793,
0,32731,395143287630,395143287630,0,395144545731,395144546072,395144546221,395144595894,395159954296,395144544849,16666666,395144652259,395144663150,395144685051,395146929273,370299498531,49198249,79228,370298748153,395203829949,0,395146929273,
0,32755,395309954290,395309954290,0,395310844760,395310844990,395310845130,395310913448,395326620956,395310843287,16666666,395311051034,395311068096,395311114132,395314228529,395331095784,3356,1997164,395331031474,395331095784,0,395314228529,
0,32778,395509954282,395509954282,0,395510112272,395510112683,395510118554,395510191801,395526620948,395510110529,16666666,395510363962,395510386864,395510436326,395513031854,395527089690,3426,431825,395527089690,395522731631,0,395513031854,
0,32801,395793287604,395793287604,0,395793458424,395793458855,395793463373,395793525679,395809954270,395793455909,16666666,395793634983,395793649450,395793691428,395794609650,395810527869,205282,308686,395810527869,395809378404,0,395794609650,
0,32809,395809954270,395826620936,0,395830517250,395830518001,395830518171,395830610624,395843287602,395830513393,16666666,395830839570,395831660350,395831707027,395833005817,395845654714,2655,194863,395845654714,395840563483,0,395833005817,
0,32847,396126620924,396126620924,0,396126788100,396126788500,396126793670,396126896572,396143287590,396126785886,16666666,396127059896,396127080284,396127158099,396133810041,396143990582,3196,194532,396143990582,396135677298,0,396133810041,
0,32870,396326620916,396326620916,0,396326802213,396326802573,396326802754,396326915805,396343287582,396326800399,16666666,396327057578,396327084849,396327127289,396330223522,396343503882,2625,390998,396343503882,396336967360,0,396330223522,
0,32878,396443287578,396443287578,0,396443475667,396443476268,396443481237,396443552721,396459954244,396443472611,16666666,396443702740,396443755669,396443816051,396448887089,396465745701,2555,261507,396465745701,396459773067,0,396448887089,
0,32916,396743287566,396743287566,0,396743794029,396743794399,396743800481,396743871644,396759954232,396743792226,16666666,396744061959,396744081935,396744138441,396745768820,396760151193,2786,402150,396760151193,396756568256,0,396745768820,
0,32924,396826620896,396826620896,0,396827582564,396827583085,396827583265,396827660840,396843287562,396827579438,16666666,396827831518,396827851775,396827894535,396828870013,396844701678,2966,238434,396844701678,396837615823,0,396828870013,
0,32947,397043287554,397043287554,0,397045805097,397045805578,397045810377,397045873405,397059954220,397045802362,16666666,397045998497,397046019266,397046061945,397048197125,397061533991,2263,173634,397061533991,397055863823,0,397048197125,
0,32985,397326620876,397343287542,0,397351868681,397351869643,397351869824,397353412469,397343287542,397351865826,16666666,397353570674,397353656453,397353706216,397355212584,397376872749,2875,200383,397376872749,397365318408,0,397355212584,
0,32993,397376620874,397376620874,0,397378674469,397378675050,397378684337,397378786127,397409954206,397378671884,16666666,397378944202,397378994896,397379070287,397397668517,397410053718,2193,177812,397410053718,397407653276,0,397397668517,
0,33016,397643287530,397643287530,0,397643466875,397643467416,397643472035,397643528630,397659954196,397643464221,16666666,397643669663,397643686234,397643727701,397645671363,397661171060,2204,132957,397661171060,397657479360,0,397645671363,
0,33039,397826620856,397826620856,0,397826940067,397826940619,397826940799,397827021399,397843287522,397826937182,16666666,397827167862,397827190594,397827235197,397828916591,397843288656,3337,298076,397843163583,397843288656,0,397828916591,
0,33062,397976620850,397976620850,0,397976905075,397976905556,397976910015,397976982970,397993287516,397976902481,16666666,397977126067,397977146585,397977203722,397978673471,397994257447,2354,200163,397994257447,397988549347,0,397978673471,
0,33085,398276620838,398276620838,0,398276788510,398276789171,398276794622,398276867207,398293287504,398276785534,16666666,398277013469,398277036112,398277084091,398278246265,398293497370,2916,633340,398293497370,398285956436,0,398278246265,
0,33108,398326620836,398326620836,0,398327100385,398327100705,398327100876,398327175595,398343287502,398327098792,16666666,398327309455,398349813012,398349883923,398351429815,398361220462,2825,128840,398361164477,398361220462,0,398351429815,
0,33131,398593287492,398593287492,0,398595842753,398595843284,398595848944,398595922101,398609954158,398595840098,16666666,398596128485,398596150817,398596200790,398598866646,398627724370,3196,312052,398627724370,398614473613,0,398598866646,
0,33154,398826620816,398826620816,0,398826812939,398826813960,398826814141,398826889912,398843287482,398826810304,16666666,398827027749,398827047897,398827092249,398829202692,398843444364,2635,263451,398843444364,398838471376,0,398829202692,
0,33169,398893287480,398893287480,0,398893490271,398893490832,398893496202,398893566132,398909954146,398893487866,16666666,398893753952,398893797190,398893839730,398894865442,398910158703,2876,107831,398910158703,398904456015,0,398894865442,
0,33201,399193287468,399193287468,0,399193470275,399193470656,399193475736,399193583285,399209954134,399193468592,16666666,399193759173,399193779161,399193836267,399195959174,399211294282,2634,275193,399211294282,399204356944,0,399195959174,
0,33224,399343287462,399343287462,0,399343876371,399343876882,399343877133,399343962842,399359954128,399343873486,16666666,399344166622,399344225932,399344765578,399346856875,399358928042,3116,254465,399358837443,399358928042,0,399346856875,
0,33247,399509954122,399526620788,0,399536365002,399536365122,399536377135,399537668466,399526620788,399536363830,16666666,399537878958,399537901861,399537957685,399539435499,399560141298,2284,138898,399560141298,399552962169,0,399539435499,
0,33270,399809954110,399809954110,0,399810134035,399810134516,399810139505,399810211669,399826620776,399810131260,16666666,399810362200,399810380965,399810436498,399814181952,399827870139,2565,251179,399827870139,399823846381,0,399814181952,
0,33278,399843287442,399843287442,0,399844340294,399844340875,399844341066,399844412118,399859954108,399844337850,16666666,399844549013,399844713199,399844764004,399847445128,399860955790,2354,173745,399860955790,399857389784,0,399847445128,
0,33316,400109954098,400126620764,0,400135218629,400135219431,400135229400,400135296494,400126620764,400135215874,16666666,400135436615,400135783822,400135827203,400137485254,400160263522,3596,118631,400160263522,400149005303,0,400137485254,
0,33339,400359954088,400359954088,0,400360356660,400360357031,400360357211,400360432692,400376620754,400360354857,16666666,400360573865,400365917353,400365964822,400367332421,400382786540,2405,246931,400382786540,400376250691,0,400367332421,
0,33347,400426620752,400426620752,0,400426828755,400426829256,400426834506,400426900689,400443287418,400426825739,16666666,400427045719,400427064615,400427117664,400429125265,400443545146,3345,215863,400443545146,400439698658,0,400429125265,
0,33385,400709954074,400709954074,0,400710219989,400710220280,400710224999,400710279901,400726620740,400710218667,16666666,400710467239,400712803415,400712858398,400729291805,400740489424,2515,810190,400740388575,400740489424,0,400729291805,
0,33393,400859954068,400859954068,0,400860158380,400860159021,400860159211,400860235764,400876620734,400860155465,16666666,400860364214,400860383730,400860421140,400862283889,400874842273,2946,1219593,400874775348,400874842273,0,400862283889,
0,33416,401043287394,401043287394,0,401043740572,401043741093,401043746954,401043818147,401059954060,401043737887,16666666,401043971983,401043996820,401044094482,401046057050,401060181134,2625,279792,401060181134,401056094686,0,401046057050,
0,33454,401309954050,401309954050,0,401310157477,401310157797,401310161864,401310215915,401326620716,401310156284,16666666,401310397433,401310411590,401310465941,401335233953,401345161474,3136,206435,401345161474,401343005006,0,401335233953,
0,33462,401359954048,401359954048,0,401360088373,401360088924,401360089095,401360200342,401376620714,401360085959,16666666,401360330164,401360346775,401360387491,401370451437,401394513961,2706,226151,401394513961,401381853687,0,401370451437,
0,33485,401659954036,401659954036,0,401662906657,401662907289,401662912679,401662984562,401676620702,401662903602,16666666,401663138640,401663159108,401663217587,401666026502,401677604367,2195,139009,401677604367,401673868435,0,401666026502,
0,33508,401859954028,401859954028,0,401860178889,401860179410,401860179590,401860257285,401876620694,401860175823,16666666,401860404860,401860425709,401860468118,401863364897,401876782851,2484,346215,401876782851,401872325474,0,401863364897,
0,33531,401993287356,401993287356,0,401993491069,401993491790,401993497120,401993566560,402009954022,401993488474,16666666,401993751585,401993772643,401993828498,401995745640,402010333817,2174,126716,402010333817,402006192130,0,401995745640,
0,33554,402276620678,402276620678,0,402276789745,402276790266,402276794484,402276929345,402293287344,402276787030,16666666,402277128727,402277146149,402277187757,402281062778,402310203958,2795,235829,402310203958,402296585248,0,402281062778,
0,33561,402293287344,402293287344,0,402295983385,402295983776,402295983957,402296087670,402343287342,402295982173,16666666,402296149065,402296605345,402296693749,402297619955,402343443897,60543,219619,402343443897,402337555222,0,402297619955,
0,33584,402376620674,402376620674,0,402376851608,402376851999,402376852319,402376938350,402393287340,402376849264,16666666,402377096044,402377116030,402377197823,402381919473,402395752293,3877,186167,402395752293,402390700047,0,402381919473,
0,33607,402609953998,402609953998,0,402610142335,402610143257,402610149900,402610223056,402626620664,402610139580,16666666,402610394705,402610415925,402610496586,402621819736,402643445910,2455,269062,402643445910,402631338807,0,402621819736,
0,33630,402876620654,402876620654,0,402876889164,402876889776,402876889916,402876961379,402893287320,402876886409,16666666,402877084288,402877102752,402877154078,402878230955,402893500876,2334,256558,402893500876,402888668447,0,402878230955,
0,33638,402893287320,402909953986,0,402912593085,402912594277,402912608043,402912760557,402926620652,402912589528,16666666,402912993651,402913160853,402913212499,402920143406,402943494814,2976,226412,402943494814,402932565785,0,402920143406,
0,33675,403209953974,403209953974,0,403210452477,403210452848,403210457497,403210525764,403226620640,403210450573,16666666,403210718213,403210786450,403210838817,403213757456,403243579194,2515,259473,403243579194,403227198987,0,403213757456,
0,33698,403376620634,403376620634,0,403376901116,403376901577,403376901767,403376969092,403393287300,403376898652,16666666,403377098714,403377155207,403377211933,403384456935,403410104323,4198,130553,403410104323,403394216253,0,403384456935,
0,33706,403509953962,403509953962,0,403510162689,403510163220,403510167999,403510231518,403526620628,403510159333,16666666,403510402486,403510478300,403510546828,403512559195,403543464546,2225,109395,403543464546,403526130889,0,403512559195,
0,33743,403793287284,403793287284,0,403793687931,403793688361,403793693170,403793753873,403809953950,403793686057,16666666,403794107570,403794131905,403794179644,403795911344,403810388685,2584,397661,403810388685,403804077763,0,403795911344,
0,33751,403876620614,403876620614,0,403876979666,403876980177,403876980367,403877055627,403893287280,403876976691,16666666,403877188005,403877207681,403877251953,403880369852,403894213733,3377,249234,403894213733,403890496735,0,403880369852,
0,33774,404093287272,404093287272,0,404093551373,404093551894,404093558175,404093656329,404109953938,404093548387,16666666,404093819302,404093838428,404093891156,404095033244,404110411450,2515,245618,404110411450,404108294059,0,404095033244,
0,33812,404376620594,404376620594,0,404376857804,404376858084,404376858264,404376931811,404393287260,404376856150,16666666,404377064038,404377083144,404377116315,404378089168,404393650610,2575,176790,404393650610,404391498912,0,404378089168,
0,33820,404393287260,404393287260,0,404393576316,404393576858,404393582779,404393673718,404426620592,404393574543,16666666,404393825872,404412111139,404412160110,404416260507,404426844565,4128,1696332,404426844565,404425842077,0,404416260507,
0,33843,404709953914,404709953914,0,404710353282,404710353753,404710358872,404710422391,404726620580,404710350718,16666666,404710624968,404710657760,404710707493,404714913872,404744208196,2143,105878,404744208196,404725185384,0,404714913872,
0,33865,404876620574,404876620574,0,404877098271,404877098992,404877099172,404877312329,404893287240,404877094864,16666666,404877457580,404877484580,404877532500,404882167979,404910222864,2364,228716,404910222864,404894113582,0,404882167979,
0,33888,405009953902,405009953902,0,405010138103,405010139045,405010143914,405010212362,405026620568,405010135208,16666666,405010380294,405010400692,405010457829,405011741742,405029535513,2665,218968,405029535513,405026203213,0,405011741742,
0,33911,405276620558,405276620558,0,405277721654,405277722195,405277728277,405277793318,405293287224,405277718859,16666666,405277964016,405277984524,405278036982,405279773629,405294308013,2475,142936,405294308013,405289301466,0,405279773629,
0,33934,405376620554,405376620554,0,405376848782,405376849183,405376849373,405376926697,405393287220,405376847259,16666666,405377069734,405377097666,405377140556,405378688228,405394280777,2565,277076,405394280777,405387059309,0,405378688228,
0,33957,405593287212,405593287212,0,405593547378,405593547758,405593552387,405593709129,405609953878,405593545374,16666666,405594040827,405594059101,405594125234,405596621307,405611664352,3426,325186,405611664352,405605454962,0,405596621307,
0,33965,405609953878,405609953878,0,405611708146,405611708417,405611708567,405611761655,405643287210,405611706363,16666666,405611900675,405635164912,405635231206,405637524927,405660248069,2365,185425,405660248069,405646603847,0,405637524927,
0,33988,405876620534,405876620534,0,405876853889,405876854439,405876854710,405876936002,405893287200,405876850211,16666666,405877088265,405877112971,405877159788,405880121207,405910493720,3607,295209,405910493720,405894422961,0,405880121207,
0,34011,405943287198,405959953864,0,405966188111,405966188511,405966198390,405966271787,405959953864,405966185826,16666666,405966460519,405966483541,405966529707,405968923328,405993765884,1824,139450,405993765884,405977990246,0,405968923328,
0,34034,406243287186,406243287186,0,406243526870,406243527461,406243532490,406243641623,406259953852,406243523964,16666666,406243781785,406243802383,406243862385,406245102877,406260244152,2034,136836,406260244152,406257853357,0,406245102877,
0,34057,406376620514,406376620514,0,406376855939,406376856420,406376856610,406376939605,406393287180,406376853785,16666666,406377097459,406377409801,406377465174,406378792157,406393439865,2034,244555,406393439865,406389786811,0,406378792157,
0,34080,406543287174,406559953840,0,406562882651,406562883363,406562892089,406562971297,406559953840,406562880117,16666666,406563496606,406563667244,406563714762,406569666237,406578932704,2135,263751,406578870258,406578932704,0,406569666237,
0,34103,406859953828,406859953828,0,406860173202,406860173693,406860180025,406860253261,406876620494,406860169966,16666666,406860402800,406860424029,406860485544,406863711756,406893551749,3567,282617,406893551749,406878314952,0,406863711756,
0,34110,406876620494,406876620494,0,406876816480,406876817020,406876817221,406876869468,406926620492,406876815057,16666666,406876958434,406878334408,406878550161,406879930403,406914294577,2876,20806276,406914214969,406914294577,0,406879930403,
0,34149,407176620482,407176620482,0,407176820053,407176820504,407176824832,407176883081,407193287148,407176818030,16666666,407176987716,407177002704,407177044211,407180316329,407193489870,2225,176429,407193489870,407191917217,0,407180316329,
0,34172,407376620474,407376620474,0,407377193191,407377193461,407377193632,407377273340,407393287140,407377191668,16666666,407377415144,407377436895,407377479143,407378635158,407393443766,2334,197408,407393443766,407390950147,0,407378635158,
0,34180,407476620470,407476620470,0,407477415552,407477416093,407477422725,407477483148,407493287136,407477412687,16666666,407477645491,407477663584,407477706525,407481477663,407496908524,1954,458724,407496908524,407489851739,0,407481477663,
0,34218,407793287124,407793287124,0,407793672292,407793672662,407793677862,407793753974,407809953790,407793670518,16666666,407793900317,407793919382,407793974645,407796331808,407813232956,3025,349732,407813153198,407813232956,0,407796331808,
0,34226,407876620454,407876620454,0,407876893025,407876893697,407876893877,407876978785,407893287120,407876889779,16666666,407877133464,407877157408,407877217731,407880814614,407898951771,3636,109775,407898532189,407898951771,0,407880814614,
0,34249,408093287112,408093287112,0,408093579884,408093580405,408093585254,408093657960,408109953778,408093576448,16666666,408094077712,408094230106,408094294777,408097347222,408111471483,2635,1137410,408111377277,408111471483,0,408097347222,
0,34287,408376620434,408376620434,0,408376808785,408376809176,408376809367,408376887713,408393287100,408376807152,16666666,408377023696,408377042380,408377085411,408380627903,408395649473,2375,204381,408395649473,408387774794,0,408380627903,
0,34295,408393287100,408393287100,0,408395677843,408395678204,408395682662,408395736412,408426620432,408395676701,16666666,408395892042,408395908242,408395942386,408420703082,408443602962,2585,237703,408443602962,408432159994,0,408420703082,
0,34318,408693287088,408693287088,0,408693497935,408693498516,408693503786,408693606117,408709953754,408693495140,16666666,408693755986,408693778478,408693830365,408695078611,408727097659,2074,2109822,408727097659,408710880297,0,408695078611,
0,34341,408876620414,408876620414,0,408876817172,408876817813,408876818004,408876900808,408893287080,408876814166,16666666,408877052080,408877073741,408877122512,408879310414,408893770122,1844,206485,408893770122,408889229139,0,408879310414,
0,34364,409026620408,409026620408,0,409027439453,409027439934,409027445294,409027511878,409043287074,409027436357,16666666,409027686493,409027705258,409027756694,409029718781,409043440471,3186,179504,409043440471,409035446803,0,409029718781,
0,34387,409309953730,409309953730,0,409310181312,409310181923,409310186591,409310824820,409326620396,409310178767,16666666,409310962107,409310980521,409311023912,409312586814,409329826223,3516,281444,409329826223,409324499874,0,409312586814,
0,34410,409409953726,409409953726,0,409410730539,409410730820,409410731011,409410810659,409426620392,409410728696,16666666,409410970226,409410993570,409411045005,409412436933,409426821568,2966,335906,409426821568,409424128802,0,409412436933,
0,34433,409626620384,409626620384,0,409626803501,409626804073,409626811367,409626885565,409643287050,409626800656,16666666,409627050602,409627075188,409627127425,409628450321,409643541175,3105,312733,409643541175,409642883620,0,409628450321,
0,34456,409893287040,409893287040,0,409893531784,409893533587,409893547743,409893643822,409909953706,409893525492,16666666,409893780818,409893802748,409893850357,409895010930,409911333600,2835,172030,409911333600,409909136936,0,409895010930,
0,34464,409909953706,409909953706,0,409910214695,409910214985,409910215166,409910263446,409943287038,409910213533,16666666,409910392827,409910406853,409910441979,409911977410,409960119203,1124605,233816,409960119203,409948486865,0,409911977410,
0,34502,410226620360,410226620360,0,410227222827,410227223328,410227231182,410227301153,410243287026,410227219952,16666666,410227464417,410227488172,410227586845,410229948807,410244703192,2955,178973,410244703192,410240706032,0,410229948807,
0,34525,410409953686,410409953686,0,410410282207,410410282538,410410282688,410410352578,410426620352,410410280274,16666666,410410474345,410410543623,410410608433,410414084952,410426844071,2605,142235,410426844071,410422772964,0,410414084952,
0,34533,410526620348,410526620348,0,410526796940,410526797522,410526802461,410526876008,410543287014,410526793765,16666666,410527030205,410527052336,410527104844,410528977925,410543462462,2074,323333,410543462462,410541013628,0,410528977925,
0,34571,410826620336,410826620336,0,410826814537,410826814999,410826821891,410826891290,410843287002,410826812354,16666666,410827055516,410827077788,410827130727,410829551418,410843822708,2524,334204,410843822708,410839622585,0,410829551418,
0,34579,410909953666,410909953666,0,410911558165,410911558665,410911558856,410911640127,410926620332,410911555109,16666666,410911780799,410911801077,410911846592,410913154840,410923372913,2645,280442,410923295529,410923372913,0,410913154840,
0,34602,411143286990,411143286990,0,411143470591,411143471072,411143475500,411143568503,411159953656,411143468226,16666666,411143693306,411143712051,411143760090,411146786741,411160170642,2375,115435,411160170642,411157380905,0,411146786741,
0,34640,411409953646,411409953646,0,411410158360,411410158941,411410159131,411410236004,411426620312,411410155704,16666666,411410371296,411410388779,411410431599,411416000878,411443446558,2614,266106,411443446558,411427859682,0,411416000878,
0,34648,411459953644,411459953644,0,411460323261,411460323641,411460328791,411460394413,411476620310,411460321337,16666666,411460566584,411460585199,411460635613,411469709834,411494526412,2595,150250,411494526412,411479667953,0,411469709834,
0,34671,411743286966,411743286966,0,411743463882,411743464473,411743499008,411743567205,411759953632,411743460907,16666666,411743714058,411743764733,411743812743,411745811706,411761396122,2355,246470,411761396122,411758204632,0,411745811706,
0,34694,411909953626,411909953626,0,411910595511,411910596072,411910596262,411910673717,411926620292,411910592706,16666666,411910815330,411910837171,411910881825,411912155519,411927627323,2936,333341,411927627323,411923298926,0,411912155519,
0,34717,412059953620,412059953620,0,412060337439,412060337940,412060343019,412060405015,412076620286,412060334884,16666666,412060810971,412060830979,412060881613,412065161261,412077755723,2494,239406,412077682977,412077755723,0,412065161261,
0,34740,412359953608,412359953608,0,412360299452,412360299973,412360304892,412360369422,412376620274,412360296576,16666666,412360546723,412360566690,412360621011,412364198461,412378538081,2555,1346288,412378538081,412375734381,0,412364198461,
0,34762,412409953606,412409953606,0,412410295979,412410296180,412410296350,412410368093,412426620272,412410294327,16666666,412410545284,412410561114,412410635853,412414855986,412443887441,2995,3100869,412443785080,412443887441,0,412414855986,
0,34786,412659953596,412659953596,0,412660547586,412660547998,412660552967,412660623117,412676620262,412660545773,16666666,412660788996,412660808312,412660864187,412662109545,412676799595,282397,340675,412676799595,412676271060,0,412662109545,
0,34824,412926620252,412926620252,0,412926812247,412926812778,412926812958,412926899960,412943286918,412926808810,16666666,412927055781,412927078393,412927128276,412928399145,412943977527,2925,316841,412943977527,412936720145,0,412928399145,
0,34832,412959953584,412959953584,0,412960556896,412960557427,412960562447,412960632377,412976620250,412960554451,16666666,412960784720,412965612618,412965675916,412966969437,412993803430,2355,115435,412993803430,412979863024,0,412966969437,
0,34870,413293286904,413293286904,0,413293557490,413293558271,413293565135,413293635436,413309953570,413293554785,16666666,413293795404,413293816312,413293891272,413295030525,413311398287,2675,249295,413311398287,413307844176,0,413295030525,
0,34893,413426620232,413443286898,0,413448312420,413448313052,413448313212,413448401367,413443286898,413448309786,16666666,413448681669,413448706435,413448752732,413450580648,413476978084,2975,2752359,413476978084,413464356561,0,413450580648,
0,34908,413609953558,413609953558,0,413610274206,413610275148,413610280919,413610357292,413626620224,413610270971,16666666,413610557194,413610771473,413610821366,413612660604,413652113254,2174,198690,413652113254,413628341197,0,413612660604,
0,34939,413893286880,413893286880,0,413893459441,413893459782,413893463930,413893566912,413909953546,413893457157,16666666,413893724535,413893772513,413893839388,413895117381,413910104871,2515,213457,413910104871,413902876470,0,413895117381,
0,34954,413909953546,413909953546,0,413910156769,413910157221,413910175515,413911240990,413943286878,413910155027,16666666,413911975299,413913889686,413913991627,413927025447,413943422915,2624,168123,413943422915,413935007593,0,413927025447,
0,34968,413926620212,413926620212,0,413926785901,413926786151,413926786292,413926826296,413976620210,413926784869,16666666,413926882120,413935027791,413935163955,413939102625,413960123018,12340328,127919,413960123018,413956691976,0,413939102625,
0,34983,413943286878,413943286878,0,413943490143,413943490563,413943490744,413943538783,413993286876,413943489040,16666666,413943670739,413956718866,413956812942,413957876764,413978923105,12623706,147605,413978923105,413978688731,0,413957876764,
0,34992,414443286858,414443286858,0,414443489728,414443490239,414443490389,414443558055,414459953524,414443487073,16666666,414443724225,414448104148,414448155022,414449009124,414462582050,2876,281395,414462582050,414459360526,0,414449009124,
---PROFILEDATA---


View hierarchy:

  com.ggufchat.app/com.ggufchat.app.MainActivity/android.view.ViewRootImpl@25fa7f1
  43 views, 70.44 kB of render nodes

  com.ggufchat.app/com.ggufchat.app.ChatActivity/android.view.ViewRootImpl@d4c1fd6
  41 views, 78.41 kB of render nodes


Total ViewRootImpl   : 2
Total attached Views : 84
Total RenderNode     : 148.84 kB (used) / 283.20 kB (capacity)