Applications Graphics Acceleration Info:
Uptime: 1109018 Realtime: 1109018

** Graphics info for pid 14832 [com.ggufchat.app] **

Stats since: 1057562410615ns
Total frames rendered: 232
Janky frames: 216 (93.10%)
Janky frames (legacy): 90 (38.79%)
50th percentile: 18ms
90th percentile: 42ms
95th percentile: 48ms
99th percentile: 48ms
Number Missed Vsync: 20
Number High input latency: 8
Number Slow UI thread: 4
Number Slow bitmap uploads: 0
Number Slow issue draw commands: 216
Number Frame deadline missed: 216
Number Frame deadline missed (legacy): 87
HISTOGRAM: 5ms=0 6ms=1 7ms=0 8ms=0 9ms=0 10ms=0 11ms=2 12ms=0 13ms=1 14ms=4 15ms=4 16ms=52 17ms=37 18ms=19 19ms=14 20ms=5 21ms=2 22ms=4 23ms=1 24ms=3 25ms=0 26ms=1 27ms=2 28ms=0 29ms=1 30ms=2 31ms=0 32ms=38 34ms=9 36ms=4 38ms=0 40ms=1 42ms=2 44ms=1 46ms=3 48ms=19 53ms=0 57ms=0 61ms=0 65ms=0 69ms=0 73ms=0 77ms=0 81ms=0 85ms=0 89ms=0 93ms=0 97ms=0 101ms=0 105ms=0 109ms=0 113ms=0 117ms=0 121ms=0 125ms=0 129ms=0 133ms=0 150ms=0 200ms=0 250ms=0 300ms=0 350ms=0 400ms=0 450ms=0 500ms=0 550ms=0 600ms=0 650ms=0 700ms=0 750ms=0 800ms=0 850ms=0 900ms=0 950ms=0 1000ms=0 1050ms=0 1100ms=0 1150ms=0 1200ms=0 1250ms=0 1300ms=0 1350ms=0 1400ms=0 1450ms=0 1500ms=0 1550ms=0 1600ms=0 1650ms=0 1700ms=0 1750ms=0 1800ms=0 1850ms=0 1900ms=0 1950ms=0 2000ms=0 2050ms=0 2100ms=0 2150ms=0 2200ms=0 2250ms=0 2300ms=0 2350ms=0 2400ms=0 2450ms=0 2500ms=0 2550ms=0 2600ms=0 2650ms=0 2700ms=0 2750ms=0 2800ms=0 2850ms=0 2900ms=0 2950ms=0 3000ms=0 3050ms=0 3100ms=0 3150ms=0 3200ms=0 3250ms=0 3300ms=0 3350ms=0 3400ms=0 3450ms=0 3500ms=0 3550ms=0 3600ms=0 3650ms=0 3700ms=0 3750ms=0 3800ms=0 3850ms=0 3900ms=0 3950ms=0 4000ms=0 4050ms=0 4100ms=0 4150ms=0 4200ms=0 4250ms=0 4300ms=0 4350ms=0 4400ms=0 4450ms=0 4500ms=0 4550ms=0 4600ms=0 4650ms=0 4700ms=0 4750ms=0 4800ms=0 4850ms=0 4900ms=0 4950ms=0
50th gpu percentile: 16ms
90th gpu percentile: 4950ms
95th gpu percentile: 4950ms
99th gpu percentile: 4950ms
GPU HISTOGRAM: 1ms=0 2ms=0 3ms=0 4ms=0 5ms=0 6ms=2 7ms=0 8ms=0 9ms=0 10ms=1 11ms=4 12ms=11 13ms=20 14ms=37 15ms=28 16ms=33 17ms=12 18ms=8 19ms=5 20ms=1 21ms=2 22ms=4 23ms=5 24ms=3 25ms=6 4950ms=50

Pipeline=Skia (OpenGL)
Memory policy:
  Max surface area: 2073600
  Max resource usage: 99.53MB (x48)
  Background retention: 50% (altUiHidden = true)
  GPU Context timeout: 10
Contexts: 2 (stopped = 1)
CPU Caches:
  Glyph Cache: 68.83 KB (1 entry)
  Glyph Count: 22 
Total CPU memory usage:
  70480 bytes, 68.83 KB (0.00 bytes is purgeable)
GPU Caches:
  Other:
    Other: 13.67 KB (1 entry)
    Buffer Object: 464.00 bytes (2 entries)
    StencilAttachment: 36.00 KB (3 entries)
  Scratch:
    RenderTarget: 36.00 KB (2 entries)
    Texture: 2.00 MB (2 entries)
    Buffer Object: 144.00 KB (4 entries)
Total GPU memory usage:
  2332928 bytes, 2.22 MB (136.45 KB is purgeable)

GraphicBufferAllocator buffers:
        Handle |        Size |     W (Stride) x H | Layers |   Format |      Usage | Requestor
0x7c3638735590 |     unknown |  720 (   0) x 1280 |      1 |        1 | 0x     b00 | VRI[ChatActivity]#1(BLAST Consumer)1
0x7c3638736d30 |     unknown |  720 (   0) x 1280 |      1 |        1 | 0x     b00 | VRI[ChatActivity]#1(BLAST Consumer)1
0x7c36387465d0 |     unknown |  720 (   0) x 1280 |      1 |        1 | 0x     b00 | VRI[ChatActivity]#1(BLAST Consumer)1
Total allocated by GraphicBufferAllocator (estimate): 0.00 KB
GoldfishAllocator::dumpDebugInfo is not implemented
Profile data in ms:

	com.ggufchat.app/com.ggufchat.app.MainActivity/android.view.ViewRootImpl@f426362 (visibility=8)
Window: com.ggufchat.app/com.ggufchat.app.MainActivity
Stats since: 1057562318523ns
Total frames rendered: 0
Janky frames: 0 (0.00%)
Janky frames (legacy): 0 (0.00%)
50th percentile: 4950ms
90th percentile: 4950ms
95th percentile: 4950ms
99th percentile: 4950ms
Number Missed Vsync: 0
Number High input latency: 0
Number Slow UI thread: 0
Number Slow bitmap uploads: 0
Number Slow issue draw commands: 0
Number Frame deadline missed: 0
Number Frame deadline missed (legacy): 0
HISTOGRAM: 5ms=0 6ms=0 7ms=0 8ms=0 9ms=0 10ms=0 11ms=0 12ms=0 13ms=0 14ms=0 15ms=0 16ms=0 17ms=0 18ms=0 19ms=0 20ms=0 21ms=0 22ms=0 23ms=0 24ms=0 25ms=0 26ms=0 27ms=0 28ms=0 29ms=0 30ms=0 31ms=0 32ms=0 34ms=0 36ms=0 38ms=0 40ms=0 42ms=0 44ms=0 46ms=0 48ms=0 53ms=0 57ms=0 61ms=0 65ms=0 69ms=0 73ms=0 77ms=0 81ms=0 85ms=0 89ms=0 93ms=0 97ms=0 101ms=0 105ms=0 109ms=0 113ms=0 117ms=0 121ms=0 125ms=0 129ms=0 133ms=0 150ms=0 200ms=0 250ms=0 300ms=0 350ms=0 400ms=0 450ms=0 500ms=0 550ms=0 600ms=0 650ms=0 700ms=0 750ms=0 800ms=0 850ms=0 900ms=0 950ms=0 1000ms=0 1050ms=0 1100ms=0 1150ms=0 1200ms=0 1250ms=0 1300ms=0 1350ms=0 1400ms=0 1450ms=0 1500ms=0 1550ms=0 1600ms=0 1650ms=0 1700ms=0 1750ms=0 1800ms=0 1850ms=0 1900ms=0 1950ms=0 2000ms=0 2050ms=0 2100ms=0 2150ms=0 2200ms=0 2250ms=0 2300ms=0 2350ms=0 2400ms=0 2450ms=0 2500ms=0 2550ms=0 2600ms=0 2650ms=0 2700ms=0 2750ms=0 2800ms=0 2850ms=0 2900ms=0 2950ms=0 3000ms=0 3050ms=0 3100ms=0 3150ms=0 3200ms=0 3250ms=0 3300ms=0 3350ms=0 3400ms=0 3450ms=0 3500ms=0 3550ms=0 3600ms=0 3650ms=0 3700ms=0 3750ms=0 3800ms=0 3850ms=0 3900ms=0 3950ms=0 4000ms=0 4050ms=0 4100ms=0 4150ms=0 4200ms=0 4250ms=0 4300ms=0 4350ms=0 4400ms=0 4450ms=0 4500ms=0 4550ms=0 4600ms=0 4650ms=0 4700ms=0 4750ms=0 4800ms=0 4850ms=0 4900ms=0 4950ms=0
50th gpu percentile: 4950ms
90th gpu percentile: 4950ms
95th gpu percentile: 4950ms
99th gpu percentile: 4950ms
GPU HISTOGRAM: 1ms=0 2ms=0 3ms=0 4ms=0 5ms=0 6ms=0 7ms=0 8ms=0 9ms=0 10ms=0 11ms=0 12ms=0 13ms=0 14ms=0 15ms=0 16ms=0 17ms=0 18ms=0 19ms=0 20ms=0 21ms=0 22ms=0 23ms=0 24ms=0 25ms=0 4950ms=0



---PROFILEDATA---
Flags,FrameTimelineVsyncId,IntendedVsync,Vsync,InputEventId,HandleInputStart,AnimationStart,PerformTraversalsStart,DrawStart,FrameDeadline,FrameInterval,FrameStartTime,SyncQueued,SyncStart,IssueDrawCommandsStart,SwapBuffers,FrameCompleted,DequeueBufferDuration,QueueBufferDuration,GpuCompleted,SwapBuffersCompleted,DisplayPresentTime,CommandSubmissionCompleted,
---PROFILEDATA---


	com.ggufchat.app/com.ggufchat.app.ChatActivity/android.view.ViewRootImpl@9585cf3 (visibility=0)
Window: com.ggufchat.app/com.ggufchat.app.ChatActivity
Stats since: 1057562410515ns
Total frames rendered: 232
Janky frames: 216 (93.10%)
Janky frames (legacy): 90 (38.79%)
50th percentile: 18ms
90th percentile: 42ms
95th percentile: 48ms
99th percentile: 48ms
Number Missed Vsync: 20
Number High input latency: 8
Number Slow UI thread: 4
Number Slow bitmap uploads: 0
Number Slow issue draw commands: 216
Number Frame deadline missed: 216
Number Frame deadline missed (legacy): 87
HISTOGRAM: 5ms=0 6ms=1 7ms=0 8ms=0 9ms=0 10ms=0 11ms=2 12ms=0 13ms=1 14ms=4 15ms=4 16ms=52 17ms=37 18ms=19 19ms=14 20ms=5 21ms=2 22ms=4 23ms=1 24ms=3 25ms=0 26ms=1 27ms=2 28ms=0 29ms=1 30ms=2 31ms=0 32ms=38 34ms=9 36ms=4 38ms=0 40ms=1 42ms=2 44ms=1 46ms=3 48ms=19 53ms=0 57ms=0 61ms=0 65ms=0 69ms=0 73ms=0 77ms=0 81ms=0 85ms=0 89ms=0 93ms=0 97ms=0 101ms=0 105ms=0 109ms=0 113ms=0 117ms=0 121ms=0 125ms=0 129ms=0 133ms=0 150ms=0 200ms=0 250ms=0 300ms=0 350ms=0 400ms=0 450ms=0 500ms=0 550ms=0 600ms=0 650ms=0 700ms=0 750ms=0 800ms=0 850ms=0 900ms=0 950ms=0 1000ms=0 1050ms=0 1100ms=0 1150ms=0 1200ms=0 1250ms=0 1300ms=0 1350ms=0 1400ms=0 1450ms=0 1500ms=0 1550ms=0 1600ms=0 1650ms=0 1700ms=0 1750ms=0 1800ms=0 1850ms=0 1900ms=0 1950ms=0 2000ms=0 2050ms=0 2100ms=0 2150ms=0 2200ms=0 2250ms=0 2300ms=0 2350ms=0 2400ms=0 2450ms=0 2500ms=0 2550ms=0 2600ms=0 2650ms=0 2700ms=0 2750ms=0 2800ms=0 2850ms=0 2900ms=0 2950ms=0 3000ms=0 3050ms=0 3100ms=0 3150ms=0 3200ms=0 3250ms=0 3300ms=0 3350ms=0 3400ms=0 3450ms=0 3500ms=0 3550ms=0 3600ms=0 3650ms=0 3700ms=0 3750ms=0 3800ms=0 3850ms=0 3900ms=0 3950ms=0 4000ms=0 4050ms=0 4100ms=0 4150ms=0 4200ms=0 4250ms=0 4300ms=0 4350ms=0 4400ms=0 4450ms=0 4500ms=0 4550ms=0 4600ms=0 4650ms=0 4700ms=0 4750ms=0 4800ms=0 4850ms=0 4900ms=0 4950ms=0
50th gpu percentile: 16ms
90th gpu percentile: 4950ms
95th gpu percentile: 4950ms
99th gpu percentile: 4950ms
GPU HISTOGRAM: 1ms=0 2ms=0 3ms=0 4ms=0 5ms=0 6ms=2 7ms=0 8ms=0 9ms=0 10ms=1 11ms=4 12ms=11 13ms=20 14ms=37 15ms=28 16ms=33 17ms=12 18ms=8 19ms=5 20ms=1 21ms=2 22ms=4 23ms=5 24ms=3 25ms=6 4950ms=50



---PROFILEDATA---
Flags,FrameTimelineVsyncId,IntendedVsync,Vsync,InputEventId,HandleInputStart,AnimationStart,PerformTraversalsStart,DrawStart,FrameDeadline,FrameInterval,FrameStartTime,SyncQueued,SyncStart,IssueDrawCommandsStart,SwapBuffers,FrameCompleted,DequeueBufferDuration,QueueBufferDuration,GpuCompleted,SwapBuffersCompleted,DisplayPresentTime,CommandSubmissionCompleted,
0,89669,1087043259954,1087043259954,0,1087043431702,1087043432192,1087043436871,1087043554010,1087059926620,1087043429147,16666666,1087043785201,1087043801932,1087043871301,1087045823329,1087076754755,1843,169837,1087076754755,1087061692314,0,1087045823329,
0,89676,1087059926620,1087059926620,0,1087061246262,1087061246493,1087061246653,1087061306084,1087109926618,1087061244810,16666666,1087061369091,1087061709726,1087061756964,1087064200228,1087112262891,705815,97622,1087112262891,1087094611454,0,1087064200228,
0,89714,1087359926608,1087359926608,0,1087360545588,1087360546189,1087360553323,1087360630216,1087376593274,1087360542412,16666666,1087360803329,1087360825911,1087360881805,1087364350442,1087377295936,2404,198019,1087377295936,1087373138691,0,1087364350442,
0,89722,1087459926604,1087459926604,0,1087460289077,1087460289809,1087460290010,1087460385748,1087476593270,1087460285711,16666666,1087460560303,1087460584919,1087460634201,1087463120678,1087476944761,1854,183692,1087476944761,1087471755660,0,1087463120678,
0,89745,1087659926596,1087659926596,0,1087660297556,1087660298178,1087660303197,1087660368658,1087676593262,1087660294761,16666666,1087660511024,1087660529939,1087660580333,1087663335453,1087676879321,2746,317942,1087676879321,1087669066591,0,1087663335453,
0,89783,1087943259918,1087943259918,0,1087943436887,1087943437599,1087943444622,1087943520693,1087959926584,1087943434943,16666666,1087943746805,1087943769036,1087943827295,1087946152642,1087962249468,3746,183092,1087962249468,1087955406788,0,1087946152642,
0,89791,1087959926584,1087976593250,0,1087984603529,1087984604330,1087984604661,1087984701221,1087993259916,1087984599441,16666666,1087984875936,1087984971394,1087985173181,1087986465201,1088010141543,2645,185175,1088010141543,1087996555145,0,1087986465201,
0,89814,1088259926572,1088259926572,0,1088260200905,1088260201406,1088260205964,1088260272608,1088276593238,1088260198370,16666666,1088260715273,1088260739238,1088260783801,1088263500865,1088276999256,2315,137446,1088276999256,1088273409451,0,1088263500865,
0,89837,1088459926564,1088459926564,0,1088460168439,1088460168920,1088460169110,1088460257154,1088476593230,1088460165594,16666666,1088460414567,1088460437150,1088460487965,1088462849636,1088494240876,2876,418129,1088494240876,1088477344437,0,1088462849636,
0,89860,1088593259892,1088593259892,0,1088593439009,1088593439470,1088593446703,1088593526232,1088609926558,1088593436204,16666666,1088593710936,1088593733968,1088593795383,1088597417994,1088627699112,3738,467802,1088627699112,1088610227037,0,1088597417994,
0,89883,1088859926548,1088859926548,0,1088860105426,1088860105907,1088860145501,1088860202948,1088876593214,1088860102921,16666666,1088861233220,1088861253718,1088861307548,1088862280702,1088879927590,2465,219089,1088879927590,1088874050136,0,1088862280702,
0,89906,1088959926544,1088959926544,0,1088960345292,1088960345563,1088960345703,1088960452382,1088976593210,1088960343750,16666666,1088960565583,1088985772177,1088985818685,1088987331434,1089012213728,3546,131074,1089012213728,1088995126383,0,1088987331434,
0,89929,1089159926536,1089159926536,0,1089160291440,1089160291810,1089160296289,1089160391175,1089176593202,1089160289666,16666666,1089160524835,1089183619382,1089183665669,1089187872238,1089210074844,2395,123821,1089210074844,1089194744025,0,1089187872238,
0,89952,1089459926524,1089459926524,0,1089460177148,1089460177629,1089460177810,1089460256276,1089476593190,1089460174534,16666666,1089460394764,1089460415843,1089460454706,1089462555471,1089476756937,2815,283157,1089476756937,1089474595900,0,1089462555471,
0,89960,1089476593190,1089493259856,0,1089501049559,1089501050790,1089501098790,1089501185111,1089509926522,1089500976863,16666666,1089501394882,1089501420479,1089501466956,1089503839105,1089526842876,3817,228285,1089526842876,1089516501023,0,1089503839105,
0,89998,1089759926512,1089776593178,0,1089783475809,1089783476059,1089783485266,1089783630657,1089776593178,1089783474045,16666666,1089785027160,1089785045374,1089785142635,1089787530235,1089800966876,3005,207717,1089800907436,1089800966876,0,1089787530235,
0,90005,1089793259844,1089793259844,0,1089793923911,1089793924201,1089793924411,1089793975116,1089826593176,1089793922989,16666666,1089794024258,1089800987154,1089801048699,1089803231575,1089843404985,2665,165809,1089843404985,1089831870341,0,1089803231575,
0,90029,1089959926504,1089976593170,0,1089984340834,1089984341034,1089984341194,1089984422856,1089976593170,1089984338920,16666666,1089984556756,1089988390365,1089988596189,1089990894753,1090012226703,2364,120194,1090012226703,1089998571860,0,1089990894753,
0,90037,1090076593166,1090076593166,0,1090077321591,1090077322052,1090077327232,1090077400318,1090093259832,1090077318596,16666666,1090077604578,1090077626700,1090077685460,1090080247234,1090094287017,2765,247210,1090094231875,1090094287017,0,1090080247234,
0,90075,1090393259820,1090393259820,0,1090393463619,1090393464020,1090393468989,1090393539772,1090409926486,1090393462027,16666666,1090393679532,1090393699609,1090393757166,1090396335319,1090410102145,2565,235379,1090410102145,1090406957084,0,1090396335319,
0,90083,1090459926484,1090459926484,0,1090464163157,1090464163819,1090464164009,1090464247464,1090476593150,1090464159681,16666666,1090464389920,1090464411440,1090464453839,1090466954923,1090481331216,3316,2891278,1090480106884,1090481331216,0,1090466954923,
0,90106,1090709926474,1090709926474,0,1090711140235,1090711140806,1090711146907,1090711221476,1090726593140,1090711137279,16666666,1090711367699,1090711390992,1090711441406,1090714882244,1090727144767,2635,1246534,1090727144767,1090723256631,0,1090714882244,
0,90144,1090959926464,1090976593130,0,1090981678127,1090981678327,1090981678467,1090981749540,1090976593130,1090981676793,16666666,1090981887837,1090984577840,1090984619979,1090986224179,1091008834086,3196,2291390,1091008834086,1090997264785,0,1090986224179,
0,90151,1090993259796,1090993259796,0,1090995012064,1090995012325,1090995018025,1090997088144,1091026593128,1090995011132,16666666,1090997248392,1090997287337,1090997334385,1090999137185,1091043400817,20660294,140141,1091043400817,1091029649740,0,1090999137185,
0,90176,1091276593118,1091276593118,0,1091276832838,1091276833359,1091276838980,1091276906225,1091293259784,1091276830043,16666666,1091277126896,1091277149869,1091277194352,1091278201058,1091295242478,2484,339572,1091295242478,1091292695751,0,1091278201058,
0,90199,1091459926444,1091459926444,0,1091460213780,1091460214231,1091460214421,1091460297316,1091476593110,1091460211256,16666666,1091460484405,1091460508780,1091460556128,1091461982938,1091476868642,3206,465738,1091476868642,1091475260022,0,1091461982938,
0,90222,1091626593104,1091626593104,0,1091628281577,1091628281977,1091628286926,1091628352709,1091643259770,1091628278571,16666666,1091628479496,1091628497358,1091628538235,1091629926061,1091643432774,2084,119873,1091643432774,1091639342410,0,1091629926061,
0,90245,1091893259760,1091893259760,0,1091893524788,1091893525519,1091893530649,1091893598095,1091909926426,1091893521231,16666666,1091893741493,1091893764034,1091893812835,1091898230210,1091910143380,2955,209771,1091910143380,1091906546568,0,1091898230210,
0,90268,1091959926424,1091976593090,0,1091978590405,1091978590986,1091978591186,1091978674111,1091976593090,1091978587570,16666666,1091978825523,1091978995197,1091979088512,1091980364892,1091993408962,2855,165087,1091993408962,1091987436441,0,1091980364892,
0,90291,1092193259748,1092193259748,0,1092193421628,1092193422019,1092193426287,1092193486028,1092209926414,1092193419965,16666666,1092193595412,1092193612965,1092193648531,1092195691892,1092210117916,2624,333271,1092210117916,1092203966643,0,1092195691892,
0,90314,1092459926404,1092459926404,0,1092460274597,1092460275158,1092460275338,1092460349436,1092476593070,1092460272042,16666666,1092460488325,1092460508032,1092460550712,1092463127677,1092476754380,2564,278790,1092476754380,1092469205103,0,1092463127677,
0,90322,1092509926402,1092509926402,0,1092510476697,1092510477298,1092510483730,1092510554843,1092526593068,1092510473802,16666666,1092510696928,1092510715242,1092510756719,1092512554162,1092526740590,2574,207676,1092526740590,1092523861896,0,1092512554162,
0,90360,1092826593056,1092826593056,0,1092826776236,1092826776727,1092826782638,1092826855374,1092843259722,1092826774032,16666666,1092827007818,1092827063982,1092827121159,1092830258148,1092846163921,2455,245909,1092846163921,1092843413411,0,1092830258148,
0,90375,1092959926384,1092959926384,0,1092960260510,1092960260751,1092960260911,1092960349947,1092976593050,1092960259047,16666666,1092960510185,1092963800647,1092963842977,1092965175978,1092978953695,1903,174545,1092978953695,1092973133849,0,1092965175978,
0,90392,1093109926378,1093109926378,0,1093110156778,1093110157299,1093110162959,1093110237067,1093126593044,1093110154023,16666666,1093110391044,1093110411823,1093110469962,1093113580686,1093126762831,3217,311962,1093126762831,1093123554754,0,1093113580686,
0,90430,1093409926366,1093409926366,0,1093410421403,1093410421803,1093410426703,1093410501051,1093426593032,1093410419239,16666666,1093410661741,1093410682159,1093410737683,1093413485934,1093427453695,3377,221432,1093427453695,1093424891721,0,1093413485934,
0,90438,1093459926364,1093459926364,0,1093460183102,1093460183693,1093460183904,1093460266017,1093476593030,1093460179987,16666666,1093460430153,1093460450711,1093460495314,1093462078375,1093478106052,3096,4055950,1093478106052,1093474447847,0,1093462078375,
0,90461,1093726593020,1093726593020,0,1093726799874,1093726800375,1093726805014,1093726901193,1093743259686,1093726793843,16666666,1093727090686,1093727127535,1093727203597,1093729571530,1093746166640,2355,269782,1093746166640,1093741809770,0,1093729571530,
0,90484,1093959926344,1093959926344,0,1093960134936,1093960135587,1093960135768,1093960379212,1093976593010,1093960132091,16666666,1093960781321,1093960802721,1093960968720,1093963868445,1093986669057,2654,288469,1093986063579,1093986669057,0,1093963868445,
0,90508,1094043259674,1094043259674,0,1094043389739,1094043390310,1094043395089,1094043469809,1094059926340,1094043386694,16666666,1094043623484,1094047819342,1094047948092,1094049233530,1094077064057,2134,100517,1094077064057,1094061334953,0,1094049233530,
0,90531,1094326592996,1094326592996,0,1094326938191,1094326939092,1094326943901,1094327043587,1094343259662,1094326934945,16666666,1094327219134,1094327240274,1094327293513,1094328744187,1094344623377,2344,141193,1094344623377,1094341697868,0,1094328744187,
0,90554,1094459926324,1094459926324,0,1094460149528,1094460150660,1094460150841,1094460324364,1094476592990,1094460146403,16666666,1094460487638,1094460511974,1094460561045,1094463209411,1094476758141,2776,276335,1094476758141,1094472967667,0,1094463209411,
0,90577,1094676592982,1094676592982,0,1094677443168,1094677443668,1094677449439,1094677518488,1094693259648,1094677440372,16666666,1094677679137,1094677699635,1094677756642,1094680203902,1094693748705,2765,255757,1094693748705,1094690452239,0,1094680203902,
0,90600,1094959926304,1094959926304,0,1094960348016,1094960348528,1094960353978,1094960420141,1094976592970,1094960345583,16666666,1094960572465,1094961309872,1094961418114,1094962896890,1094977077929,2565,330425,1094977077929,1094976367956,0,1094962896890,
0,90615,1094976592970,1094976592970,0,1094976914865,1094976915265,1094976915456,1094977130327,1095009926302,1094976913142,16666666,1094978717705,1094978739686,1094978778458,1094999277379,1095009381101,1823,331948,1095009317212,1095009381101,0,1094999277379,
0,90645,1095259926292,1095259926292,0,1095260262622,1095260262993,1095260267752,1095260338995,1095276592958,1095260260618,16666666,1095260455011,1095260472453,1095260512849,1095264483656,1095293413244,1954,182660,1095293413244,1095281448603,0,1095264483656,
0,90668,1095476592950,1095476592950,0,1095478130444,1095478130855,1095478131055,1095478208700,1095493259616,1095478127628,16666666,1095478346968,1095478367125,1095478409925,1095481621057,1095510114029,3797,545607,1095510114029,1095503358980,0,1095481621057,
0,90676,1095576592946,1095576592946,0,1095577147748,1095577148640,1095577153468,1095577223379,1095593259612,1095577145103,16666666,1095577371996,1095577392214,1095577447416,1095579971322,1095593888900,2795,178613,1095593888900,1095591244579,0,1095579971322,
0,90714,1095859926268,1095859926268,0,1095860230592,1095860231233,1095860236893,1095860308457,1095876592934,1095860226985,16666666,1095860467183,1095860489334,1095860548054,1095864254491,1095876102006,2105,233345,1095876051311,1095876102006,0,1095864254491,
0,90722,1095976592930,1095976592930,0,1095976809171,1095976809983,1095976810193,1095976907484,1095993259596,1095976805223,16666666,1095977114170,1095977138845,1095977189671,1095980420987,1096010295516,2114,133479,1096010295516,1095991227357,0,1095980420987,
0,90744,1096176592922,1096176592922,0,1096178469851,1096178470512,1096178476663,1096178613218,1096193259588,1096178464400,16666666,1096178817789,1096178843717,1096178947230,1096180601100,1096210183785,2565,323703,1096210183785,1096194288318,0,1096180601100,
0,90781,1096459926244,1096459926244,0,1096460241388,1096460241939,1096460249974,1096460328220,1096476592910,1096460239304,16666666,1096460497635,1096460521901,1096460573747,1096463903255,1096476812514,3898,226702,1096476812514,1096472535663,0,1096463903255,
0,90789,1096476592910,1096493259576,0,1096498193922,1096498194673,1096498194864,1096498280934,1096509926242,1096498190896,16666666,1096498463695,1096498557950,1096498655122,1096500517062,1096526774352,3516,193301,1096526774352,1096510577696,0,1096500517062,
0,90812,1096759926232,1096759926232,0,1096760699023,1096760699604,1096760705185,1096760826470,1096776592898,1096760696478,16666666,1096761124035,1096761150314,1096761211307,1096763421627,1096778158932,3276,295852,1096778158932,1096776743975,0,1096763421627,
0,90820,1096776592898,1096793259564,0,1096800472037,1096800472708,1096800472888,1096800544241,1096809926230,1096800469752,16666666,1096800624130,1096800642214,1096800675115,1096803975759,1096828231732,2555,142636,1096828231732,1096812582326,0,1096803975759,
0,90842,1096976592890,1096976592890,0,1096977000468,1096977000999,1096977001179,1096977116284,1096993259556,1096976996791,16666666,1096977277073,1096977299796,1096977346783,1096979380607,1096992026390,2915,401448,1096991916394,1096992026390,0,1096979380607,
0,90865,1097093259552,1097093259552,0,1097094240218,1097094240779,1097094245858,1097094318343,1097109926218,1097094237663,16666666,1097094921697,1097095150184,1097095840740,1097098716710,1097113312402,3397,211715,1097111965872,1097113312402,0,1097098716710,
0,90888,1097359926208,1097359926208,0,1097360104201,1097360105042,1097360109931,1097360226519,1097376592874,1097360101155,16666666,1097360395835,1097360419499,1097360469041,1097361912231,1097376779535,2735,297515,1097376779535,1097371439003,0,1097361912231,
0,90911,1097493259536,1097493259536,0,1097493423339,1097493423800,1097493423991,1097493506815,1097509926202,1097493421556,16666666,1097493654590,1097493675329,1097493717949,1097497039810,1097512388740,2314,191928,1097512388740,1097509747562,0,1097497039810,
0,90934,1097693259528,1097693259528,0,1097693468751,1097693469252,1097693474191,1097693540184,1097709926194,1097693466246,16666666,1097693691085,1097693707816,1097693758050,1097695006056,1097713127612,3927,247280,1097713127612,1097709164111,0,1097695006056,
0,90957,1097976592850,1097976592850,0,1097976781823,1097976782505,1097976789317,1097976864668,1097993259516,1097976778167,16666666,1097977097331,1097977120735,1097977184454,1097978609650,1098010143006,2525,250648,1098010143006,1097997097466,0,1097978609650,
0,90964,1097993259516,1097993259516,0,1097996154418,1097996154829,1097996155009,1097996232744,1098043259514,1097996151813,16666666,1097996373917,1097997121159,1097997171784,1097998179612,1098036335180,2645,1976764,1098036179350,1098036335180,0,1097998179612,
0,91003,1098309926170,1098309926170,0,1098310162714,1098310163246,1098310168605,1098310242894,1098326592836,1098310159108,16666666,1098310416478,1098310436876,1098310490836,1098314477917,1098328065865,2555,261709,1098328065865,1098324175901,0,1098314477917,
0,91026,1098493259496,1098493259496,0,1098493487222,1098493487512,1098493487682,1098493566599,1098509926162,1098493485478,16666666,1098493700379,1098493719705,1098493759660,1098496268165,1098510078432,2445,228807,1098510078432,1098506232795,0,1098496268165,
0,91034,1098626592824,1098626592824,0,1098628316034,1098628316614,1098628322014,1098628396643,1098643259490,1098628313318,16666666,1098629003895,1098629030505,1098629080147,1098632904375,1098660158993,3065,278269,1098660158993,1098644232487,0,1098632904375,
0,91071,1098909926146,1098909926146,0,1098910167302,1098910167803,1098910173003,1098910237823,1098926592812,1098910164927,16666666,1098910397892,1098910519035,1098910581992,1098912751796,1098929067584,3627,274512,1098929067584,1098922564093,0,1098912751796,
0,91079,1098993259476,1098993259476,0,1098995098232,1098995098804,1098995099034,1098996322605,1099009926142,1098995095227,16666666,1098996491940,1098996515233,1098996565628,1098998822604,1099027586803,3065,293718,1099027586803,1099010327786,0,1098998822604,
0,91102,1099226592800,1099226592800,0,1099226815761,1099226816733,1099226823666,1099226898235,1099243259466,1099226812044,16666666,1099227129176,1099227151397,1099227231366,1099229927059,1099244312299,2986,1425998,1099244312299,1099240548895,0,1099229927059,
0,91140,1099509926122,1099509926122,0,1099510524677,1099510525128,1099510525318,1099510593004,1099526592788,1099510522753,16666666,1099510722817,1099510743124,1099510784572,1099513129153,1099530070730,2535,163705,1099530070730,1099524126018,0,1099513129153,
0,91148,1099526592788,1099543259454,0,1099548163268,1099548164019,1099548176322,1099548255139,1099559926120,1099548160363,16666666,1099548511877,1099551100670,1099551164238,1099553540239,1099577191174,2876,250336,1099577191174,1099567227675,0,1099553540239,
0,91171,1099809926110,1099809926110,0,1099810236664,1099810237546,1099810242606,1099810307136,1099826592776,1099810234099,16666666,1099810465290,1099810483815,1099810534259,1099811488908,1099829434112,1954,566867,1099829381595,1099829434112,0,1099811488908,
0,91194,1100009926102,1100009926102,0,1100010431791,1100010432422,1100010432592,1100010643105,1100026592768,1100010428645,16666666,1100011023383,1100014427878,1100014479294,1100019148608,1100045379832,3286,274281,1100045379832,1100029735070,0,1100019148608,
0,91217,1100109926098,1100109926098,0,1100110146396,1100110147007,1100110152377,1100110385712,1100126592764,1100110144442,16666666,1100110631571,1100110648572,1100110696361,1100132150334,1100157428046,3707,2412175,1100157428046,1100144564332,0,1100132150334,
0,91224,1100126592764,1100126592764,0,1100126714143,1100126714524,1100126714694,1100126763945,1100176592762,1100126713081,16666666,1100126817235,1100144594067,1100144635154,1100149968985,1100193408830,23413364,90879,1100193408830,1100180963558,0,1100149968985,
0,91249,1100443259418,1100443259418,0,1100444096099,1100444096941,1100444103403,1100444176870,1100459926084,1100444092963,16666666,1100444427497,1100444450941,1100444511253,1100448456508,1100476763510,2255,125174,1100476763510,1100461717833,0,1100448456508,
0,91264,1100509926082,1100509926082,0,1100510756495,1100510756665,1100510756805,1100510809583,1100526592748,1100510755413,16666666,1100510907376,1100515527398,1100515566702,1100516712828,1100561041467,2565,135994,1100561041467,1100555707248,0,1100516712828,
0,91295,1100759926072,1100759926072,0,1100761057884,1100761058115,1100761062813,1100761133816,1100776592738,1100761056141,16666666,1100761254571,1100761273907,1100761325222,1100764640890,1100776794090,2254,207928,1100776794090,1100771582747,0,1100764640890,
0,91318,1101009926062,1101009926062,0,1101010231973,1101010232635,1101010232945,1101010320439,1101026592728,1101010229469,16666666,1101010481078,1101010506966,1101010552521,1101014482415,1101043455241,3286,392842,1101043455241,1101027580225,0,1101014482415,
0,91326,1101043259394,1101059926060,0,1101062252631,1101062253102,1101062262349,1101062334133,1101076592726,1101062249816,16666666,1101062474254,1101062491877,1101063495660,1101066957010,1101078234656,3898,258542,1101078234656,1101076199385,0,1101066957010,
0,91364,1101343259382,1101343259382,0,1101343840911,1101343841333,1101343845911,1101343909259,1101359926048,1101343839479,16666666,1101344109432,1101344128828,1101344178661,1101346388179,1101360759611,2374,185896,1101360759611,1101355409622,0,1101346388179,
0,91379,1101509926042,1101509926042,0,1101513126595,1101513126805,1101513126996,1101513201164,1101526592708,1101513125353,16666666,1101513323602,1101513489551,1101513523084,1101525463507,1101543459476,2164,195304,1101543459476,1101542034678,0,1101525463507,
0,91394,1101626592704,1101626592704,0,1101626842241,1101626842842,1101626848493,1101626951565,1101643259370,1101626838846,16666666,1101627099171,1101627121572,1101627177506,1101629122353,1101660160899,3577,381551,1101660160899,1101644360981,0,1101629122353,
0,91424,1101909926026,1101909926026,0,1101910258557,1101910258707,1101910262384,1101910318939,1101926592692,1101910257675,16666666,1101910431479,1101910535964,1101910589533,1101912248165,1101927635214,3086,456240,1101927635214,1101921883875,0,1101912248165,
0,91439,1102009926022,1102009926022,0,1102010203386,1102010203887,1102010204067,1102010280770,1102026592688,1102010200501,16666666,1102010449215,1102010470324,1102010513364,1102012177102,1102027185275,3067,1340230,1102027185275,1102021098208,0,1102012177102,
0,91462,1102226592680,1102226592680,0,1102226786143,1102226786684,1102226793487,1102226860892,1102243259346,1102226783758,16666666,1102227041218,1102227063660,1102227116549,1102231174932,1080343932104,2725,342879,1080343932104,1102242949115,0,1102231174932,
0,91492,1102509926002,1102509926002,0,1102516115035,1102516115416,1102516122019,1102516194764,1102526592668,1102516112842,16666666,1102516328152,1102516344954,1102516391991,1102517409808,1102560434034,2044,201035,1102560434034,1102556349790,0,1102517409808,
0,91507,1102543259334,1102543259334,0,1102543405806,1102543406287,1102543406468,1102543487088,1102559926000,1102543403552,16666666,1102543630185,1102556382822,1102556419240,1102557531362,1080678702966,4699,17471391,1080678702966,1102611562729,0,1102557531362,
0,91531,1102809925990,1102809925990,0,1102810261681,1102810262202,1102810266690,1102810329548,1102826592656,1102810259196,16666666,1102810459520,1102810480569,1102810523439,1102813861139,1102830264420,2545,275644,1102830264420,1102826335006,0,1102813861139,
0,91554,1103026592648,1103026592648,0,1103026945672,1103026946724,1103026946914,1103027027755,1103043259314,1103026942696,16666666,1103027183264,1103027204154,1103027246954,1103032248201,1103063674790,2245,252781,1103063674790,1103053723324,0,1103032248201,
0,91569,1103109925978,1103109925978,0,1103110356409,1103110357141,1103110362391,1103110435166,1103126592644,1103110353614,16666666,1103110587119,1103111494591,1103113672783,1103119463942,1103143649285,1904,81492,1103143649285,1103131944721,0,1103119463942,
0,91599,1103393259300,1103393259300,0,1103393453993,1103393454384,1103393459954,1103393528843,1103409925966,1103393452020,16666666,1103393675617,1103393698369,1103393746639,1103395213249,1103410304953,3487,2705021,1103410304953,1103405821480,0,1103395213249,
0,91622,1103526592628,1103543259294,0,1103548004142,1103548004813,1103548004983,1103548139714,1103543259294,1103548001346,16666666,1103548276810,1103548346319,1103548394620,1103549596609,1103577321620,3055,209761,1103577321620,1103560723526,0,1103549596609,
0,91630,1103693259288,1103693259288,0,1103693452282,1103693452773,1103693457612,1103693531399,1103709925954,1103693449187,16666666,1103693681660,1103693704512,1103693753023,1103696429030,1103726826639,1694,105337,1103726826639,1103716504692,0,1103696429030,
0,91667,1103993259276,1103993259276,0,1103993995073,1103993995404,1103994004360,1103994127049,1104009925942,1103993989643,16666666,1103994297567,1103994318666,1103994434201,1103995745105,1104026740480,1954,314737,1104026740480,1104010541440,0,1103995745105,
0,91675,1104026592608,1104026592608,0,1104026810360,1104026810591,1104026810761,1104032078308,1104059925940,1104026808757,16666666,1104032220773,1104042783386,1104042829963,1104044502450,1104060109316,1673,148987,1104060109316,1104056733364,0,1104044502450,
0,91705,1104309925930,1104309925930,0,1104310738162,1104310739013,1104310748400,1104310839160,1104326592596,1104310734525,16666666,1104311058358,1104316131613,1104316179713,1104319401647,1104347842439,1874,167752,1104347842439,1104329646971,0,1104319401647,
0,91736,1104526592588,1104526592588,0,1104528556403,1104528556714,1104528556894,1104528638045,1104543259254,1104528554530,16666666,1104528782695,1104528800879,1104532098465,1104562089067,1104577685421,3387,199101,1104577685421,1104567359229,0,1104562089067,
0,91744,1104609925918,1104609925918,0,1104610862284,1104610862776,1104610870540,1104611018245,1104626592584,1104610859570,16666666,1104611171070,1104611215012,1104611259044,1104613992558,1104627801078,2725,249776,1104627801078,1104622025630,0,1104613992558,
0,91767,1104893259240,1104893259240,0,1104893921013,1104893921494,1104893926383,1104893993960,1104909925906,1104893918238,16666666,1104894148728,1104894171951,1104894229328,1104897456593,1104912123394,2585,234046,1104912123394,1104908646136,0,1104897456593,
0,91790,1105026592568,1105026592568,0,1105026856890,1105026857451,1105026857632,1105026971884,1105043259234,1105026853954,16666666,1105027129879,1105027153593,1105027200751,1105029028600,1105041563761,3226,472561,1105041493180,1105041563761,0,1105029028600,
0,91813,1105193259228,1105193259228,0,1105193474701,1105193475162,1105193480322,1105193544912,1105209925894,1105193472166,16666666,1105193687377,1105193705872,1105193755364,1105200079673,1105212144588,2425,325736,1105212144588,1105209824044,0,1105200079673,
0,91836,1105476592550,1105476592550,0,1105476779221,1105476779782,1105476784791,1105476857246,1105493259216,1105476775624,16666666,1105477441956,1105477463927,1105477520152,1105480705796,1105493680294,2355,214429,1105493680294,1105490759653,0,1105480705796,
0,91859,1105526592548,1105543259214,0,1105546376232,1105546376633,1105546376824,1105546460088,1105543259214,1105546373778,16666666,1105546611180,1105546638571,1105546683905,1105549068089,1105561662010,2505,189975,1105561662010,1105558550321,0,1105549068089,
0,91882,1105793259204,1105793259204,0,1105793978266,1105793978617,1105793984248,1105794126573,1105809925870,1105793976583,16666666,1105794269319,1105794292262,1105794334240,1105795333572,1105810913383,2855,230399,1105810913383,1105805422410,0,1105795333572,
0,91905,1106026592528,1106026592528,0,1106026901379,1106026902200,1106026902391,1106026979615,1106043259194,1106026898684,16666666,1106027123412,1106027144852,1106027187111,1106036009253,1106060374171,2886,311401,1106060374171,1106050089795,0,1106036009253,
0,91920,1106109925858,1106109925858,0,1106114036526,1106114036766,1106114041174,1106114097279,1106126592524,1106114035383,16666666,1106114207684,1106114286691,1106116069745,1106118204593,1106143480962,2706,178212,1106143480962,1106136441210,0,1106118204593,
0,91950,1106393259180,1106393259180,0,1106393435746,1106393436137,1106393441307,1106393512820,1106409925846,1106393433252,16666666,1106393686654,1106393710298,1106393760121,1106396385413,1106427103284,3166,259904,1106427103284,1106412510238,0,1106396385413,
0,91973,1106526592508,1106543259174,0,1106548967216,1106548967397,1106548967536,1106549052826,1106543259174,1106548965713,16666666,1106549215178,1106549242088,1106549318390,1106551040039,1106564465540,2164,192138,1106564370482,1106564465540,0,1106551040039,
0,91981,1106676592502,1106676592502,0,1106676761035,1106676761586,1106676766775,1106676843278,1106693259168,1106676757869,16666666,1106677037611,1106677062827,1106677112860,1106684344405,1106694691499,3647,218979,1106694691499,1106694006191,0,1106684344405,
0,92019,1106976592490,1106976592490,0,1106977749115,1106977749386,1106977755718,1106977826971,1106993259156,1106977747332,16666666,1106978012326,1106978037052,1106978083659,1106980983606,1107010112408,2394,182040,1107010112408,1106994894873,0,1106980983606,
0,92027,1107043259154,1107043259154,0,1107043658138,1107043658940,1107043659110,1107043747495,1107059925820,1107043654191,16666666,1107043947468,1107043973927,1107044070026,1107048798990,1107080323691,3336,225801,1107080323691,1107060570918,0,1107048798990,
0,92050,1107276592478,1107276592478,0,1107276860960,1107276861441,1107276867081,1107276970605,1107293259144,1107276858446,16666666,1107277137005,1107277159506,1107277218015,1107278437398,1107295256754,1693,120765,1107295256754,1107290723295,0,1107278437398,
0,92088,1107543259134,1107543259134,0,1107543555093,1107543555523,1107543555694,1107543665018,1107559925800,1107543553229,16666666,1107543798787,1107543819466,1107543895257,1107563100560,1107576805083,2365,186107,1107576805083,1107571122510,0,1107563100560,
0,92096,1107609925798,1107609925798,0,1107610483117,1107610483699,1107610490502,1107610562366,1107626592464,1107610480012,16666666,1107610720430,1107610773809,1107610820286,1107613124115,1107626803874,2405,185876,1107626803874,1107621712035,0,1107613124115,
0,92126,1107926592452,1107926592452,0,1107926972859,1107926973048,1107926978429,1107927042488,1107943259118,1107926971706,16666666,1107927194632,1107932146298,1107932198715,1107938243113,1107976868030,2805,345795,1107976868030,1107969291098,0,1107938243113,
0,92142,1108043259114,1108043259114,0,1108044773040,1108044773481,1108044773641,1108044873376,1108059925780,1108044770154,16666666,1108045001235,1108045019549,1108045054965,1108048150947,1108064247694,2915,500512,1108064132890,1108064247694,0,1108048150947,
0,92165,1108226592440,1108226592440,0,1108226830743,1108226831184,1108226837426,1108227155704,1108243259106,1108226827868,16666666,1108227309421,1108227362174,1108227409642,1108228525692,1108238536709,2194,452142,1108238444448,1108238536709,0,1108228525692,
0,92173,1108243259106,1108243259106,0,1108243480463,1108243481074,1108243507915,1108244807258,1108259925772,1108243477708,16666666,1108245479470,1108245495611,1108245601939,1108262692709,1108275913680,2394,154498,1108275913680,1108269225756,0,1108262692709,
0,92180,1108259925772,1108259925772,0,1108260133772,1108260134423,1108260134603,1108260197229,1108293259104,1108260131197,16666666,1108260307896,1108269254139,1108269453510,1108271030710,1108293405532,14466534,136905,1108293405532,1108290453470,0,1108271030710,
0,92211,1108543259094,1108543259094,0,1108543478602,1108543479123,1108543479293,1108543552700,1108559925760,1108543475716,16666666,1108543683113,1108543742939,1108543790167,1108544986526,1108560185870,2235,241360,1108560185870,1108552734163,0,1108544986526,
---PROFILEDATA---


View hierarchy:

  com.ggufchat.app/com.ggufchat.app.MainActivity/android.view.ViewRootImpl@f426362
  48 views, 77.98 kB of render nodes

  com.ggufchat.app/com.ggufchat.app.ChatActivity/android.view.ViewRootImpl@9585cf3
  41 views, 78.30 kB of render nodes


Total ViewRootImpl   : 2
Total attached Views : 89
Total RenderNode     : 156.29 kB (used) / 290.74 kB (capacity)