Applications Graphics Acceleration Info:
Uptime: 946520 Realtime: 946520

** Graphics info for pid 15307 [com.ggufchat.app] **

Stats since: 917776238424ns
Total frames rendered: 185
Janky frames: 152 (82.16%)
Janky frames (legacy): 44 (23.78%)
50th percentile: 16ms
90th percentile: 32ms
95th percentile: 32ms
99th percentile: 44ms
Number Missed Vsync: 14
Number High input latency: 1
Number Slow UI thread: 4
Number Slow bitmap uploads: 1
Number Slow issue draw commands: 140
Number Frame deadline missed: 152
Number Frame deadline missed (legacy): 44
HISTOGRAM: 5ms=0 6ms=0 7ms=0 8ms=3 9ms=2 10ms=1 11ms=5 12ms=3 13ms=8 14ms=8 15ms=3 16ms=63 17ms=29 18ms=6 19ms=5 20ms=3 21ms=2 22ms=0 23ms=1 24ms=1 25ms=1 26ms=1 27ms=1 28ms=4 29ms=2 30ms=3 31ms=3 32ms=21 34ms=3 36ms=0 38ms=1 40ms=0 42ms=0 44ms=1 46ms=0 48ms=1 53ms=0 57ms=0 61ms=0 65ms=0 69ms=0 73ms=0 77ms=0 81ms=0 85ms=0 89ms=0 93ms=0 97ms=0 101ms=0 105ms=0 109ms=0 113ms=0 117ms=0 121ms=0 125ms=0 129ms=0 133ms=0 150ms=0 200ms=0 250ms=0 300ms=0 350ms=0 400ms=0 450ms=0 500ms=0 550ms=0 600ms=0 650ms=0 700ms=0 750ms=0 800ms=0 850ms=0 900ms=0 950ms=0 1000ms=0 1050ms=0 1100ms=0 1150ms=0 1200ms=0 1250ms=0 1300ms=0 1350ms=0 1400ms=0 1450ms=0 1500ms=0 1550ms=0 1600ms=0 1650ms=0 1700ms=0 1750ms=0 1800ms=0 1850ms=0 1900ms=0 1950ms=0 2000ms=0 2050ms=0 2100ms=0 2150ms=0 2200ms=0 2250ms=0 2300ms=0 2350ms=0 2400ms=0 2450ms=0 2500ms=0 2550ms=0 2600ms=0 2650ms=0 2700ms=0 2750ms=0 2800ms=0 2850ms=0 2900ms=0 2950ms=0 3000ms=0 3050ms=0 3100ms=0 3150ms=0 3200ms=0 3250ms=0 3300ms=0 3350ms=0 3400ms=0 3450ms=0 3500ms=0 3550ms=0 3600ms=0 3650ms=0 3700ms=0 3750ms=0 3800ms=0 3850ms=0 3900ms=0 3950ms=0 4000ms=0 4050ms=0 4100ms=0 4150ms=0 4200ms=0 4250ms=0 4300ms=0 4350ms=0 4400ms=0 4450ms=0 4500ms=0 4550ms=0 4600ms=0 4650ms=0 4700ms=0 4750ms=0 4800ms=0 4850ms=0 4900ms=0 4950ms=0
50th gpu percentile: 14ms
90th gpu percentile: 17ms
95th gpu percentile: 25ms
99th gpu percentile: 4950ms
GPU HISTOGRAM: 1ms=0 2ms=0 3ms=0 4ms=0 5ms=1 6ms=1 7ms=6 8ms=8 9ms=8 10ms=6 11ms=14 12ms=20 13ms=24 14ms=26 15ms=29 16ms=19 17ms=5 18ms=1 19ms=0 20ms=0 21ms=1 22ms=2 23ms=1 24ms=0 25ms=4 4950ms=9

Pipeline=Skia (OpenGL)
Memory policy:
  Max surface area: 2073600
  Max resource usage: 99.53MB (x48)
  Background retention: 50% (altUiHidden = true)
  GPU Context timeout: 10
Contexts: 2 (stopped = 1)
CPU Caches:
  Glyph Cache: 69.10 KB (1 entry)
  Glyph Count: 22 
Total CPU memory usage:
  70757 bytes, 69.10 KB (0.00 bytes is purgeable)
GPU Caches:
  Other:
    Other: 13.67 KB (1 entry)
    Buffer Object: 464.00 bytes (2 entries)
    StencilAttachment: 36.00 KB (3 entries)
  Scratch:
    RenderTarget: 36.00 KB (2 entries)
    Texture: 2.00 MB (2 entries)
    Buffer Object: 144.00 KB (4 entries)
Total GPU memory usage:
  2332928 bytes, 2.22 MB (136.45 KB is purgeable)

GraphicBufferAllocator buffers:
        Handle |        Size |     W (Stride) x H | Layers |   Format |      Usage | Requestor
0x748646909c20 |     unknown |  720 (   0) x 1280 |      1 |        1 | 0x     b00 | VRI[ChatActivity]#1(BLAST Consumer)1
0x74864690a760 |     unknown |  720 (   0) x 1280 |      1 |        1 | 0x     b00 | VRI[ChatActivity]#1(BLAST Consumer)1
0x74864690be70 |     unknown |  720 (   0) x 1280 |      1 |        1 | 0x     b00 | VRI[ChatActivity]#1(BLAST Consumer)1
Total allocated by GraphicBufferAllocator (estimate): 0.00 KB
GoldfishAllocator::dumpDebugInfo is not implemented
Profile data in ms:

	com.ggufchat.app/com.ggufchat.app.MainActivity/android.view.ViewRootImpl@5898d1b (visibility=8)
Window: com.ggufchat.app/com.ggufchat.app.MainActivity
Stats since: 917775900945ns
Total frames rendered: 0
Janky frames: 0 (0.00%)
Janky frames (legacy): 0 (0.00%)
50th percentile: 4950ms
90th percentile: 4950ms
95th percentile: 4950ms
99th percentile: 4950ms
Number Missed Vsync: 0
Number High input latency: 0
Number Slow UI thread: 0
Number Slow bitmap uploads: 0
Number Slow issue draw commands: 0
Number Frame deadline missed: 0
Number Frame deadline missed (legacy): 0
HISTOGRAM: 5ms=0 6ms=0 7ms=0 8ms=0 9ms=0 10ms=0 11ms=0 12ms=0 13ms=0 14ms=0 15ms=0 16ms=0 17ms=0 18ms=0 19ms=0 20ms=0 21ms=0 22ms=0 23ms=0 24ms=0 25ms=0 26ms=0 27ms=0 28ms=0 29ms=0 30ms=0 31ms=0 32ms=0 34ms=0 36ms=0 38ms=0 40ms=0 42ms=0 44ms=0 46ms=0 48ms=0 53ms=0 57ms=0 61ms=0 65ms=0 69ms=0 73ms=0 77ms=0 81ms=0 85ms=0 89ms=0 93ms=0 97ms=0 101ms=0 105ms=0 109ms=0 113ms=0 117ms=0 121ms=0 125ms=0 129ms=0 133ms=0 150ms=0 200ms=0 250ms=0 300ms=0 350ms=0 400ms=0 450ms=0 500ms=0 550ms=0 600ms=0 650ms=0 700ms=0 750ms=0 800ms=0 850ms=0 900ms=0 950ms=0 1000ms=0 1050ms=0 1100ms=0 1150ms=0 1200ms=0 1250ms=0 1300ms=0 1350ms=0 1400ms=0 1450ms=0 1500ms=0 1550ms=0 1600ms=0 1650ms=0 1700ms=0 1750ms=0 1800ms=0 1850ms=0 1900ms=0 1950ms=0 2000ms=0 2050ms=0 2100ms=0 2150ms=0 2200ms=0 2250ms=0 2300ms=0 2350ms=0 2400ms=0 2450ms=0 2500ms=0 2550ms=0 2600ms=0 2650ms=0 2700ms=0 2750ms=0 2800ms=0 2850ms=0 2900ms=0 2950ms=0 3000ms=0 3050ms=0 3100ms=0 3150ms=0 3200ms=0 3250ms=0 3300ms=0 3350ms=0 3400ms=0 3450ms=0 3500ms=0 3550ms=0 3600ms=0 3650ms=0 3700ms=0 3750ms=0 3800ms=0 3850ms=0 3900ms=0 3950ms=0 4000ms=0 4050ms=0 4100ms=0 4150ms=0 4200ms=0 4250ms=0 4300ms=0 4350ms=0 4400ms=0 4450ms=0 4500ms=0 4550ms=0 4600ms=0 4650ms=0 4700ms=0 4750ms=0 4800ms=0 4850ms=0 4900ms=0 4950ms=0
50th gpu percentile: 4950ms
90th gpu percentile: 4950ms
95th gpu percentile: 4950ms
99th gpu percentile: 4950ms
GPU HISTOGRAM: 1ms=0 2ms=0 3ms=0 4ms=0 5ms=0 6ms=0 7ms=0 8ms=0 9ms=0 10ms=0 11ms=0 12ms=0 13ms=0 14ms=0 15ms=0 16ms=0 17ms=0 18ms=0 19ms=0 20ms=0 21ms=0 22ms=0 23ms=0 24ms=0 25ms=0 4950ms=0



---PROFILEDATA---
Flags,FrameTimelineVsyncId,IntendedVsync,Vsync,InputEventId,HandleInputStart,AnimationStart,PerformTraversalsStart,DrawStart,FrameDeadline,FrameInterval,FrameStartTime,SyncQueued,SyncStart,IssueDrawCommandsStart,SwapBuffers,FrameCompleted,DequeueBufferDuration,QueueBufferDuration,GpuCompleted,SwapBuffersCompleted,DisplayPresentTime,CommandSubmissionCompleted,
---PROFILEDATA---


	com.ggufchat.app/com.ggufchat.app.ChatActivity/android.view.ViewRootImpl@2717eb8 (visibility=0)
Window: com.ggufchat.app/com.ggufchat.app.ChatActivity
Stats since: 917776237726ns
Total frames rendered: 185
Janky frames: 152 (82.16%)
Janky frames (legacy): 44 (23.78%)
50th percentile: 16ms
90th percentile: 32ms
95th percentile: 32ms
99th percentile: 44ms
Number Missed Vsync: 14
Number High input latency: 1
Number Slow UI thread: 4
Number Slow bitmap uploads: 1
Number Slow issue draw commands: 140
Number Frame deadline missed: 152
Number Frame deadline missed (legacy): 44
HISTOGRAM: 5ms=0 6ms=0 7ms=0 8ms=3 9ms=2 10ms=1 11ms=5 12ms=3 13ms=8 14ms=8 15ms=3 16ms=63 17ms=29 18ms=6 19ms=5 20ms=3 21ms=2 22ms=0 23ms=1 24ms=1 25ms=1 26ms=1 27ms=1 28ms=4 29ms=2 30ms=3 31ms=3 32ms=21 34ms=3 36ms=0 38ms=1 40ms=0 42ms=0 44ms=1 46ms=0 48ms=1 53ms=0 57ms=0 61ms=0 65ms=0 69ms=0 73ms=0 77ms=0 81ms=0 85ms=0 89ms=0 93ms=0 97ms=0 101ms=0 105ms=0 109ms=0 113ms=0 117ms=0 121ms=0 125ms=0 129ms=0 133ms=0 150ms=0 200ms=0 250ms=0 300ms=0 350ms=0 400ms=0 450ms=0 500ms=0 550ms=0 600ms=0 650ms=0 700ms=0 750ms=0 800ms=0 850ms=0 900ms=0 950ms=0 1000ms=0 1050ms=0 1100ms=0 1150ms=0 1200ms=0 1250ms=0 1300ms=0 1350ms=0 1400ms=0 1450ms=0 1500ms=0 1550ms=0 1600ms=0 1650ms=0 1700ms=0 1750ms=0 1800ms=0 1850ms=0 1900ms=0 1950ms=0 2000ms=0 2050ms=0 2100ms=0 2150ms=0 2200ms=0 2250ms=0 2300ms=0 2350ms=0 2400ms=0 2450ms=0 2500ms=0 2550ms=0 2600ms=0 2650ms=0 2700ms=0 2750ms=0 2800ms=0 2850ms=0 2900ms=0 2950ms=0 3000ms=0 3050ms=0 3100ms=0 3150ms=0 3200ms=0 3250ms=0 3300ms=0 3350ms=0 3400ms=0 3450ms=0 3500ms=0 3550ms=0 3600ms=0 3650ms=0 3700ms=0 3750ms=0 3800ms=0 3850ms=0 3900ms=0 3950ms=0 4000ms=0 4050ms=0 4100ms=0 4150ms=0 4200ms=0 4250ms=0 4300ms=0 4350ms=0 4400ms=0 4450ms=0 4500ms=0 4550ms=0 4600ms=0 4650ms=0 4700ms=0 4750ms=0 4800ms=0 4850ms=0 4900ms=0 4950ms=0
50th gpu percentile: 14ms
90th gpu percentile: 17ms
95th gpu percentile: 25ms
99th gpu percentile: 4950ms
GPU HISTOGRAM: 1ms=0 2ms=0 3ms=0 4ms=0 5ms=1 6ms=1 7ms=6 8ms=8 9ms=8 10ms=6 11ms=14 12ms=20 13ms=24 14ms=26 15ms=29 16ms=19 17ms=5 18ms=1 19ms=0 20ms=0 21ms=1 22ms=2 23ms=1 24ms=0 25ms=4 4950ms=9



---PROFILEDATA---
Flags,FrameTimelineVsyncId,IntendedVsync,Vsync,InputEventId,HandleInputStart,AnimationStart,PerformTraversalsStart,DrawStart,FrameDeadline,FrameInterval,FrameStartTime,SyncQueued,SyncStart,IssueDrawCommandsStart,SwapBuffers,FrameCompleted,DequeueBufferDuration,QueueBufferDuration,GpuCompleted,SwapBuffersCompleted,DisplayPresentTime,CommandSubmissionCompleted,
0,90539,933415904088,933415904088,0,933416145004,933416145629,933416155911,933416288591,933432570754,933416140732,16666666,933424423895,933433091428,933433521242,933438354036,933449425220,3388,261910,933449425220,933442389949,0,933438354036,
0,90547,933549237416,933549237416,0,933549687822,933549688725,933549726147,933549908018,933565904082,933549680557,16666666,933550257551,933553437537,933553588818,933555093891,933566361370,4108,333865,933566361370,933563596144,0,933555093891,
0,90570,933615904080,933632570746,0,933634712271,933634712898,933634713037,933634917041,933632570746,933634706716,16666666,933635157216,933635248004,933635368575,933636549951,933647273814,2412,431256,933647207083,933647273814,0,933636549951,
0,90578,933715904076,933715904076,0,933716303228,933716304113,933716337003,933716516608,933732570742,933716296428,16666666,933716804507,933716841838,933716924555,933718540559,933730936197,2695,534357,933730875926,933730936197,0,933718540559,
0,90601,933849237404,933849237404,0,933850319094,933850319669,933850355874,933850549102,933865904070,933850312930,16666666,933850850868,933850893038,933850998139,933853313936,933866069269,2713,316600,933866069269,933862801592,0,933853313936,
0,90609,933982570732,933982570732,0,933983356461,933983357461,933983402608,933983633354,933999237398,933983348827,16666666,933984088090,933984270078,933984389238,933986908011,933999670706,3933,824986,933999670706,933991666261,0,933986908011,
0,90632,934115904060,934115904060,0,934116161627,934116162689,934116176946,934116312744,934132570726,934116156471,16666666,934116628146,934116656666,934116743795,934120847546,934133801285,3509,632733,934133801285,934128065938,0,934120847546,
0,90655,934265904054,934265904054,0,934266557029,934266557537,934266590857,934266754714,934282570720,934266550859,16666666,934267077930,934267138647,934267237036,934269146647,934282833113,2612,209907,934282833113,934277246901,0,934269146647,
0,90663,934382570716,934382570716,0,934382765908,934382766777,934382779034,934382934648,934399237382,934382760295,16666666,934383576700,934383615225,934383710110,934389484548,934400728374,5172,485593,934400728374,934395176184,0,934389484548,
0,90686,934515904044,934515904044,0,934516917968,934516918678,934516957873,934517182103,934532570710,934516911502,16666666,934517552198,934517603716,934517735929,934519795590,934533269968,3130,464913,934533269968,934524681647,0,934519795590,
0,90694,934615904040,934615904040,0,934621286641,934621287384,934621287565,934621480076,934632570706,934621280944,16666666,934621727062,934621758148,934621848305,934624067242,934632699910,4562,222340,934632699910,934632136734,0,934624067242,
0,90717,934682570704,934682570704,0,934682693612,934682693983,934682703869,934682810963,934699237370,934682691926,16666666,934683003826,934683019884,934683092437,934686997460,934699842453,2279,178098,934699842453,934693350763,0,934686997460,
0,90725,934815904032,934815904032,0,934816132998,934816133984,934816147690,934816286249,934832570698,934816127306,16666666,934816517656,934816544215,934816612504,934817896305,934833114137,2995,167211,934833114137,934832050256,0,934817896305,
0,90748,934949237360,934949237360,0,934949600436,934949601026,934949634946,934949909392,934965904026,934949593425,16666666,934950326390,934950363179,934950488858,934956937850,934968475720,4963,727626,934968475720,934963016052,0,934956937850,
0,90771,935082570688,935082570688,0,935084068173,935084068594,935084103256,935084276339,935099237354,935084061883,16666666,935084620885,935084691716,935084812737,935085835657,935100364484,3541,351834,935100364484,935099228127,0,935085835657,
0,90779,935115904020,935115904020,0,935116104605,935116104987,935116105161,935116239483,935132570686,935116102382,16666666,935116451002,935116470467,935116554515,935118083379,935125902204,2588,420540,935125844214,935125902204,0,935118083379,
0,90787,935215904016,935215904016,0,935216271114,935216271962,935216285769,935216423236,935232570682,935216265688,16666666,935216700240,935216733081,935216809444,935218701106,935232715694,3089,170782,935232715694,935226809696,0,935218701106,
0,90810,935382570676,935382570676,0,935382730437,935382731204,935382741606,935382840046,935399237342,935382727475,16666666,935383063537,935383090011,935383151006,935388622990,935394937313,13734,2179283,935394815480,935394937313,0,935388622990,
0,90833,935532570670,935532570670,0,935532967688,935532968342,935533007703,935533195636,935549237336,935532960486,16666666,935533622557,935533721821,935533838655,935536259123,935549425917,3277,316720,935549425917,935542688359,0,935536259123,
0,90841,935632570666,935632570666,0,935632908306,935632909240,935632909455,935633128129,935649237332,935632901175,16666666,935633395531,935633452271,935633543125,935634621841,935649561174,4801,286926,935649561174,935645937893,0,935634621841,
0,90856,935649237332,935665903998,0,935666211005,935666211649,935666250225,935666578342,935682570664,935666205813,16666666,935666992839,935667030160,935667132205,935668402379,935682725932,3791,618547,935682725932,935681006485,0,935668402379,
0,90871,935815903992,935815903992,0,935816153463,935816154322,935816166009,935816299145,935832570658,935816148425,16666666,935816542544,935816572530,935816654092,935818163489,935833821142,12983,3409782,935833821142,935829047293,0,935818163489,
0,90894,935949237320,935949237320,0,935949381276,935949381740,935949387801,935949613730,935965903986,935949379418,16666666,935949929728,935950535765,935950630506,935952805984,935966457572,2501,150154,935966457572,935958545193,0,935952805984,
0,90902,935965903986,935965903986,0,935966590459,935966590875,935966591035,935966656356,935999237318,935966588981,16666666,935966739803,935983257885,935983572504,935984659010,935999459826,2094,116060,935999459826,935989721312,0,935984659010,
0,90925,936115903980,936115903980,0,936116411359,936116411755,936116465035,936116641895,936132570646,936116405803,16666666,936117011386,936117075225,936117176771,936118614318,936132717110,2945,157298,936132717110,936126555925,0,936118614318,
0,90933,936132570646,936132570646,0,936132748203,936132748578,936132748737,936132812695,936165903978,936132746375,16666666,936132941195,936133003655,936133045575,936150042728,936166157638,3471,173554,936166157638,936152786948,0,936150042728,
0,90948,936265903974,936265903974,0,936267072825,936267073456,936267094793,936267212061,936282570640,936267069210,16666666,936267942421,936267997181,936268164065,936269571088,936282141137,3792,390067,936282053585,936282141137,0,936269571088,
0,90964,936382570636,936382570636,0,936382875142,936382875655,936382882695,936383034491,936399237302,936382870103,16666666,936383315611,936383351279,936383500828,936386072759,936399814133,3417,273869,936399814133,936392658025,0,936386072759,
0,90987,936532570630,936532570630,0,936533965570,936533966470,936534009231,936534200057,936549237296,936533959142,16666666,936534606230,936534659262,936534774786,936539885831,936546630965,4533,602466,936546563592,936546630965,0,936539885831,
0,90995,936632570626,936632570626,0,936634616741,936634617703,936634617882,936634831573,936649237292,936634609445,16666666,936635101757,936636122886,936636246353,936637314086,936645558567,27642,782129,936645279811,936645558567,0,936637314086,
0,91010,936682570624,936682570624,0,936682741687,936682742601,936682777857,936682898395,936699237290,936682737928,16666666,936683143155,936688130355,936688436385,936694042693,936715995008,3086,283305,936715995008,936699189388,0,936694042693,
0,91026,936832570618,936832570618,0,936833151379,936833152573,936833191401,936833382765,936849237284,936833143737,16666666,936833793423,936833857204,936834066154,936837184316,936866046711,3076,474447,936866046711,936850230347,0,936837184316,
0,91049,936965903946,936965903946,0,936967530683,936967531714,936967573474,936967763417,936982570612,936967523962,16666666,936968199840,936968242577,936968355112,936969468909,936984745172,18266,347040,936984745172,936975461709,0,936969468909,
0,91064,937082570608,937082570608,0,937082805339,937082806323,937082817727,937082939508,937099237274,937082802311,16666666,937083154404,937083266277,937083355127,937084850297,937097558219,3327,509105,937097500722,937097558219,0,937084850297,
0,91079,937132570606,937132570606,0,937134795344,937134795864,937134796029,937135000789,937149237272,937134788790,16666666,937135284989,937135330388,937135457397,937138330042,937150094966,3992,263678,937150094966,937145893473,0,937138330042,
0,91087,937215903936,937215903936,0,937216402556,937216403355,937216428225,937216628027,937232570602,937216398124,16666666,937216952102,937216987101,937217168793,937219701260,937233773514,2722,313855,937233773514,937225608034,0,937219701260,
0,91095,937232570602,937232570602,0,937234061819,937234062407,937234062680,937234225602,937265903934,937234055500,16666666,937234454240,937247178733,937247559090,937249247315,937266119161,4454,305810,937266119161,937255083280,0,937249247315,
0,91118,937382570596,937382570596,0,937382795148,937382796195,937382810383,937382961641,937399237262,937382790257,16666666,937383827465,937383869927,937383948023,937386347216,937399486592,6057,599888,937399486592,937393305413,0,937386347216,
0,91141,937499237258,937515903924,0,937517166596,937517167356,937517204473,937517385926,937515903924,937517160170,16666666,937517682776,937518042469,937518154536,937520354405,937532798943,3539,623272,937532798943,937528339470,0,937520354405,
0,91149,937632570586,937632570586,0,937632817629,937632818664,937632818882,937632961357,937649237252,937632813622,16666666,937633174249,937633206602,937633287376,937634798380,937649746993,2778,392893,937649746993,937640398487,0,937634798380,
0,91157,937649237252,937665903918,0,937672357438,937672358210,937672386135,937672543586,937682570584,937672352210,16666666,937672789520,937672815990,937672968326,937674921750,937684229408,6155,475007,937684229408,937680822898,0,937674921750,
0,91180,937799237246,937799237246,0,937801456559,937801457603,937801484800,937801673244,937815903912,937801449041,16666666,937802001972,937802203129,937802294305,937808319179,937832760587,4181,2447370,937832760587,937818277290,0,937808319179,
0,91203,937932570574,937932570574,0,937932774730,937932775268,937932786426,937932921683,937949237240,937932771048,16666666,937933118949,937933210477,937933295676,937934281033,937951121133,2707,268708,937951121133,937948922814,0,937934281033,
0,91211,938049237236,938049237236,0,938049860541,938049861551,938049921640,938050124100,938065903902,938049853826,16666666,938050502492,938050558273,938050678122,938053171045,938066128561,4914,592576,938066128561,938061442458,0,938053171045,
0,91234,938132570566,938132570566,0,938132775141,938132775778,938132775996,938132940765,938149237232,938132769700,16666666,938133177737,938133201896,938133304146,938135544950,938143995291,2958,947636,938143939564,938143995291,0,938135544950,
0,91242,938199237230,938199237230,0,938199399032,938199399782,938199422096,938199536507,938215903896,938199397081,16666666,938199724805,938199745787,938199815902,938201352358,938216173945,3461,207222,938216173945,938208439785,0,938201352358,
0,91265,938349237224,938349237224,0,938349639606,938349640181,938349680645,938349868926,938365903890,938349633259,16666666,938350207249,938350267179,938350378054,938353100167,938366068966,3453,434548,938366068966,938360245541,0,938353100167,
0,91273,938465903886,938465903886,0,938466061072,938466062137,938466069865,938466193878,938482570552,938466057999,16666666,938466425855,938466450362,938466527783,938483750555,938494891587,4039,912252,938494797709,938494891587,0,938483750555,
0,91295,938615903880,938615903880,0,938616183565,938616184525,938616203062,938616373108,938632570546,938616177944,16666666,938616741357,938616772537,938616877252,938622210240,938629320772,3233,553859,938629246855,938629320772,0,938622210240,
0,91303,938632570546,938649237212,0,938653528245,938653529070,938653529232,938653693135,938649237212,938653522632,16666666,938653930848,938653965112,938654150858,938658942242,0,6796,2937551,0,938681202307,0,938658942242,
0,91326,938782570540,938782570540,0,938785801230,938785802352,938785846195,938786047638,938799237206,938785791591,16666666,938786775003,938786866933,938786994999,938791674695,938816087585,3834,1432166,938816087585,938801867242,0,938791674695,
0,91349,938932570534,938932570534,0,938932997646,938932998378,938933010424,938933151675,938949237200,938932993820,16666666,938933381196,938933421986,938933504506,938935246867,938949377702,2850,257098,938949377702,938944691898,0,938935246867,
0,91357,939049237196,939049237196,0,939049791780,939049792778,939049808507,939049941391,939065903862,939049787771,16666666,939050171637,939050201785,939050315125,939051921828,939060709378,5497,530973,939060635362,939060709378,0,939051921828,
0,91380,939149237192,939149237192,0,939149606996,939149607731,939149608001,939149761114,939165903858,939149602581,16666666,939149978271,939150010991,939150097098,939151195754,939158062301,2958,309699,939158013368,939158062301,0,939151195754,
0,91388,939199237190,939199237190,0,939199388633,939199389584,939199419147,939199524469,939215903856,939199384827,16666666,939199748328,939199772404,939199829474,939203671061,939216198210,4686,551066,939216198210,939211804541,0,939203671061,
0,91411,939315903852,939332570518,0,939335297957,939335298574,939335326809,939335510796,939332570518,939335292587,16666666,939335811393,939335941702,939336075387,939339267203,939347206784,4333,300925,939347131394,939347206784,0,939339267203,
0,91419,939449237180,939449237180,0,939449467554,939449468424,939449477384,939449615957,939465903846,939449462824,16666666,939449863758,939449888173,939449965076,939452247836,939462410458,3506,641239,939462325729,939462410458,0,939452247836,
0,91442,939599237174,939599237174,0,939599563377,939599564324,939599577685,939599703201,939615903840,939599560250,16666666,939599926726,939599954371,939600085701,939603847444,939616133215,3099,692609,939616133215,939610899116,0,939603847444,
0,91450,939649237172,939649237172,0,939649914099,939649914766,939649915005,939650126764,939665903838,939649907430,16666666,939650647770,939650738128,939650876479,939652462951,939666499127,74970,796570,939666499127,939663700956,0,939652462951,
0,91473,939749237168,939749237168,0,939749853382,939749853877,939749888605,939750052480,939765903834,939749847530,16666666,939750367135,939750428640,939750546184,939751755134,939766076789,3058,348877,939766076789,939759587287,0,939751755134,
0,91481,939882570496,939882570496,0,939883258947,939883260175,939883632507,939883819882,939899237162,939883250794,16666666,939884297230,939884334145,939884454134,939887696416,939897102077,3864,551594,939897052847,939897102077,0,939887696416,
0,91504,940032570490,940032570490,0,940032805115,940032806435,940032820634,940032966812,940049237156,940032801228,16666666,940033222170,940033278800,940033379499,940041901237,940049551684,6995,707123,940049551684,940045537257,0,940041901237,
0,91527,940149237152,940149237152,0,940149383627,940149384289,940149384467,940149522018,940165903818,940149381264,16666666,940149707092,940150174920,940150258845,940153846343,940165575524,3026,183413,940165517574,940165575524,0,940153846343,
0,91535,940165903818,940165903818,0,940166127082,940166127427,940166135326,940166234227,940182570484,940166125626,16666666,940166431333,940176478917,940176658133,940187298042,940199350068,3057,240520,940199350068,940193694700,0,940187298042,
0,91550,940315903812,940315903812,0,940316133057,940316133885,940316146811,940316258306,940332570478,940316129454,16666666,940316539593,940316747560,940316804957,940323173484,940335758823,4778,375355,940335758823,940333343341,0,940323173484,
0,91566,940465903806,940465903806,0,940466276973,940466277790,940466310756,940466591996,940482570472,940466269873,16666666,940467035435,940467053870,940467182920,940469891149,940482776140,3133,418735,940482776140,940480789062,0,940469891149,
0,91574,940482570472,940482570472,0,940483076343,940483077274,940483077523,940483240685,940515903804,940483069035,16666666,940483436590,940483470896,940483558467,940501060073,940516211566,2524,154149,940516211566,940508203570,0,940501060073,
0,91597,940615903800,940615903800,0,940616419149,940616420269,940616463250,940616654263,940632570466,940616411666,16666666,940617035006,940617107419,940617232829,940619357854,940632866373,5918,517055,940632866373,940624942823,0,940619357854,
0,91605,940649237132,940649237132,0,940649475922,940649476949,940649477183,940649668168,940665903798,940649470582,16666666,940649929830,940649952495,940650046618,940651673445,940666535106,3065,259554,940666535106,940659825624,0,940651673445,
0,91628,940749237128,940749237128,0,940750283399,940750284016,940750318280,940750522847,940765903794,940750277272,16666666,940750824442,940750885522,940750994388,940754703663,940767238139,2771,173878,940767238139,940764701502,0,940754703663,
0,91636,940899237122,940899237122,0,940900181702,940900187109,940900230219,940900444496,940915903788,940900174156,16666666,940900856812,940900917119,940901037466,940906312159,940914673039,5700,470388,940914596015,940914673039,0,940906312159,
0,91659,941049237116,941049237116,0,941049625612,941049626666,941049662432,941049843938,941065903782,941049618175,16666666,941050172306,941050250556,941050357230,941053922906,941066134055,3565,571351,941066134055,941059975719,0,941053922906,
0,91682,941165903778,941165903778,0,941166945097,941166945613,941166945859,941167115575,941182570444,941166941364,16666666,941167369165,941167456769,941168253435,941170443397,941182756438,3260,304349,941182756438,941177853229,0,941170443397,
0,91690,941182570444,941182570444,0,941194033392,941194034352,941194051786,941194157252,941215903776,941194029796,16666666,941194442953,941199507243,941199588977,941200742801,941217727951,3299,149289,941217727951,941206146818,0,941200742801,
0,91705,941315903772,941315903772,0,941316319065,941316319269,941316351326,941316553797,941332570438,941316315630,16666666,941316878072,941316918888,941317017880,941319098055,941330876255,3594,554683,941330813234,941330876255,0,941319098055,
0,91722,941449237100,941449237100,0,941449842872,941449843787,941449887314,941450111406,941465903766,941449835180,16666666,941450571255,941450701141,941450814243,941452699425,941479593665,32768,2806707,941465523605,941479593665,0,941452699425,
0,91745,941582570428,941582570428,0,941583263817,941583264424,941583297471,941583514325,941599237094,941583258011,16666666,941583929518,941583978798,941584119801,941587905658,941599497552,6483,633458,941599497552,941591991028,0,941587905658,
0,91753,941665903758,941665903758,0,941668162658,941668163362,941668163513,941668344004,941682570424,941668156695,16666666,941668684448,941668727900,941668831824,941675716286,941687450533,2796,621827,941687450533,941681834935,0,941675716286,
0,91776,941732570422,941749237088,0,941750181745,941750182230,941750211069,941750357066,941749237088,941750177605,16666666,941751454424,941751694816,941751815521,941754972435,941763901724,2353,368470,941763854188,941763901724,0,941754972435,
0,91784,941865903750,941865903750,0,941866239059,941866240368,941866257417,941866406000,941882570416,941866234111,16666666,941866651191,941866681191,941866757427,941869169891,941883158711,4910,594580,941883158711,941877438228,0,941869169891,
0,91807,941999237078,941999237078,0,941999545667,941999546348,941999560214,941999757363,942015903744,941999541484,16666666,942000120881,942000143371,942000210267,942004757076,942019397716,3073,291717,942019306284,942019397716,0,942004757076,
0,91814,942015903744,942015903744,0,942018300791,942018301212,942018301386,942018530329,942049237076,942018293801,16666666,942018764913,942019453375,942019625288,942024818987,942056314736,4837,5706742,942056245686,942056314736,0,942024818987,
0,91838,942165903738,942165903738,0,942166665021,942166665783,942166709807,942166908880,942182570404,942166657994,16666666,942167340071,942167416745,942167518971,942169893175,942182793827,4511,305258,942182793827,942176458143,0,942169893175,
0,91846,942182570404,942182570404,0,942183068651,942183069418,942183069628,942183249206,942215903736,942183062251,16666666,942183557484,942199824257,942199977995,942202220017,942216345314,3086,317341,942216345314,942211284525,0,942202220017,
0,91861,942315903732,942315903732,0,942316299191,942316299501,942316310938,942316428655,942332570398,942316295563,16666666,942316574488,942316622001,942316678964,942318083127,942330045775,2116,402802,942329979143,942330045775,0,942318083127,
0,91876,942449237060,942449237060,0,942449847554,942449848297,942449950187,942450434850,942465903726,942449841047,16666666,942450819271,942450872883,942451004503,942453137083,942466173560,6602,618967,942466173560,942459880467,0,942453137083,
0,91899,942582570388,942582570388,0,942584468363,942584468894,942584508567,942584676827,942599237054,942584462072,16666666,942584991820,942585242222,942585490958,942588481390,942616125853,4715,452623,942616125853,942600324379,0,942588481390,
0,91907,942682570384,942682570384,0,942682814928,942682815963,942682816119,942682974554,942699237050,942682808977,16666666,942683197627,942683232059,942683333694,942684709757,942695650024,3027,358898,942695078786,942695650024,0,942684709757,
0,91915,942699237050,942715903716,0,942717488743,942717489306,942717500603,942717646609,942715903716,942717484433,16666666,942717906963,942718825074,942719006411,942721055545,942732729331,3773,246156,942732729331,942728002881,0,942721055545,
0,91938,942882570376,942882570376,0,942882973430,942882974233,942883014193,942883196630,942899237042,942882965974,16666666,942883522403,942883564273,942883671093,942885540489,942896462531,5121,1371258,942896285694,942896462531,0,942885540489,
0,91961,942999237038,942999237038,0,942999436175,942999436760,942999442016,942999568547,943015903704,942999433678,16666666,942999772072,942999812680,942999915320,943002264601,943016685486,3482,312254,943016685486,943008728593,0,943002264601,
0,91969,943132570366,943132570366,0,943136251722,943136252791,943136288787,943136480716,943149237032,943136245862,16666666,943136805240,943136847568,943136942394,943138632992,943152157835,5656,560543,943152157835,943149660637,0,943138632992,
0,91992,943182570364,943199237030,0,943203496173,943203496822,943203497034,943203654863,943199237030,943203490890,16666666,943203890066,943203931263,943204073043,943206068970,943216459081,3933,3010982,943216459081,943215782480,0,943206068970,
0,92000,943299237026,943299237026,0,943299990414,943299991544,943300054346,943300221209,943315903692,943299983823,16666666,943300560511,943300606435,943300706883,943302656506,943318492910,4120,1411007,943318492910,943310781141,0,943302656506,
0,92023,943449237020,943449237020,0,943449443406,943449444379,943449459086,943449594737,943465903686,943449438296,16666666,943449843692,943449874307,943449950803,943454481578,943462863520,6987,1620442,943462789577,943462863520,0,943454481578,
0,92046,943565903682,943565903682,0,943566257617,943566257814,943566267603,943566402182,943582570348,943566254913,16666666,943566669059,943589381232,943589557083,943590828747,943617115745,371219,217936,943617115745,943601840698,0,943590828747,
0,92054,943682570344,943682570344,0,943683026969,943683027852,943683028085,943683595694,943699237010,943683019800,16666666,943684283256,943684332951,943684487264,943686972380,943698395591,3090,519410,943698326911,943698395591,0,943686972380,
0,92062,943732570342,943732570342,0,943732723140,943732723725,943732734109,943732846776,943749237008,943732720581,16666666,943733034029,943733693911,943733912348,943738679006,943749428998,3004,401996,943749428998,943742712610,0,943738679006,
0,92085,943882570336,943882570336,0,943883244783,943883245625,943883288036,943883487423,943899237002,943883236892,16666666,943883837113,943883884927,943883985299,943889057243,943899462366,5472,647405,943899462366,943891574777,0,943889057243,
0,92108,944015903664,944015903664,0,944016117648,944016118375,944016130764,944016251129,944032570330,944016114859,16666666,944016482841,944016506567,944016578293,944018937123,944033453225,3396,367534,944033453225,944023934791,0,944018937123,
0,92116,944132570326,944132570326,0,944133283585,944133284485,944133326186,944133532161,944149236992,944133275758,16666666,944133891482,944133946312,944134070665,944137341072,944149698759,6811,1926350,944149698759,944148926176,0,944137341072,
0,92139,944182570324,944182570324,0,944182916874,944182917382,944182917582,944183048855,944199236990,944182914974,16666666,944183232589,944183252058,944183369055,944198066622,944215989681,3437,611505,944215989681,944203920092,0,944198066622,
0,92147,944299236986,944299236986,0,944299416825,944299417809,944299427402,944299516701,944315903652,944299413642,16666666,944299726195,944299744262,944299808129,944301903103,944316070253,3198,773083,944316070253,944308727536,0,944301903103,
0,92170,944449236980,944449236980,0,944449433121,944449434125,944449447123,944449578533,944465903646,944449427508,16666666,944449834967,944449862760,944449958362,944451825680,944466924121,3074,624964,944466924121,944465904696,0,944451825680,
0,92193,944599236974,944599236974,0,944600102185,944600102897,944600145945,944600377704,944615903640,944600093728,16666666,944600722005,944600764640,944600871291,944602436981,944616882525,3647,423043,944616882525,944612000765,0,944602436981,
0,92201,944682570304,944682570304,0,944683251851,944683252874,944683253095,944683492454,944699236970,944683243938,16666666,944683799314,944683851724,944683983045,944691485144,944716244263,29230,524407,944716244263,944702775980,0,944691485144,
0,92216,944749236968,944749236968,0,944749422606,944749423342,944749434847,944749560449,944765903634,944749418611,16666666,944749779588,944750458618,944752088377,944754844126,944766058113,2202,144260,944766058113,944763623879,0,944754844126,
0,92231,944865903630,944865903630,0,944866385718,944866386654,944866431331,944866631312,944882570296,944866378549,16666666,944867016573,944867070959,944867191924,944869890502,944883145801,3937,591922,944883145801,944874441526,0,944869890502,
0,92254,944999236958,944999236958,0,944999814094,944999814777,944999855241,945000083698,945015903624,944999807344,16666666,945000502717,945000542397,945000654985,945005313169,945018620659,2976,273432,945018620659,945012835429,0,945005313169,
0,92262,945132570286,945132570286,0,945132830827,945132831643,945132844710,945132966455,945149236952,945132825635,16666666,945133186325,945133216389,945133296721,945135030277,945149635435,4342,256011,945149635435,945144638725,0,945135030277,
0,92285,945182570284,945182570284,0,945183238760,945183238967,945183239099,945188272979,945199236950,945183234498,16666666,945188721647,945200572963,945200715590,945201970491,945216145808,3940,2679205,945216145808,945210461592,0,945201970491,
0,92293,945299236946,945299236946,0,945299439310,945299440332,945299453794,945299584612,945315903612,945299434326,16666666,945299825449,945299851676,945299929570,945302667974,945316102513,3013,300584,945316102513,945308768895,0,945302667974,
0,92316,945432570274,945432570274,0,945433192052,945433192963,945433229872,945433415049,945449236940,945433185104,16666666,945433740869,945433784635,945433892167,945435902453,945449460080,5421,407199,945449460080,945442746506,0,945435902453,
0,92331,945565903602,945565903602,0,945566124487,945566125566,945566140215,945566269013,945582570268,945566118978,16666666,945566522075,945566961507,945567034922,945572886821,945582781067,4301,454770,945582781067,945576731873,0,945572886821,
0,92346,945682570264,945682570264,0,945683020263,945683021333,945683057711,945683266240,945699236930,945683013754,16666666,945683690585,945683745527,945683869887,945685845927,945699766487,3379,348407,945699766487,945691708869,0,945685845927,
0,92354,945699236930,945715903596,0,945718561981,945718562922,945718563167,945718754224,945732570262,945718555118,16666666,945719018703,945719069539,945719198777,945721075392,945730029467,3119,324851,945729963350,945730029467,0,945721075392,
0,92377,945815903592,945815903592,0,945816119605,945816120203,945816136664,945816251013,945832570258,945816116676,16666666,945816513070,945816566290,945816651532,945817699960,945824221042,2716,1765644,945824167385,945824221042,0,945817699960,
0,92392,945832570258,945832570258,0,945832749806,945832750266,945832773408,945834661426,945849236924,945832747836,16666666,945835236738,945841587579,945841687667,945847793316,945859506090,2939,175030,945859506090,945852367723,0,945847793316,
0,92406,945849236924,945849236924,0,945851697776,945851698298,945851698468,945851865118,945882570256,945851693530,16666666,945852070657,945852403284,945852479088,945853970610,945882665522,15206552,150541,945882665522,945874769316,0,945853970610,
0,92422,946199236910,946199236910,0,946199524757,946199525376,946199525533,946199711763,946215903576,946199519159,16666666,946199986949,946200052083,946200195302,946201390094,946216199613,3744,389273,946216199613,946205845078,0,946201390094,
---PROFILEDATA---


View hierarchy:

  com.ggufchat.app/com.ggufchat.app.MainActivity/android.view.ViewRootImpl@5898d1b
  63 views, 100.63 kB of render nodes

  com.ggufchat.app/com.ggufchat.app.ChatActivity/android.view.ViewRootImpl@2717eb8
  41 views, 78.41 kB of render nodes


Total ViewRootImpl   : 2
Total attached Views : 104
Total RenderNode     : 179.03 kB (used) / 313.38 kB (capacity)