Applications Graphics Acceleration Info:
Uptime: 352397 Realtime: 352397

** Graphics info for pid 7642 [com.ggufchat.app] **

Stats since: 320357984984ns
Total frames rendered: 397
Janky frames: 243 (61.21%)
Janky frames (legacy): 254 (63.98%)
50th percentile: 30ms
90th percentile: 53ms
95th percentile: 61ms
99th percentile: 69ms
Number Missed Vsync: 31
Number High input latency: 241
Number Slow UI thread: 57
Number Slow bitmap uploads: 3
Number Slow issue draw commands: 235
Number Frame deadline missed: 243
Number Frame deadline missed (legacy): 143
HISTOGRAM: 5ms=0 6ms=0 7ms=2 8ms=2 9ms=2 10ms=6 11ms=9 12ms=1 13ms=8 14ms=4 15ms=6 16ms=64 17ms=21 18ms=10 19ms=2 20ms=3 21ms=3 22ms=8 23ms=7 24ms=2 25ms=5 26ms=9 27ms=7 28ms=7 29ms=8 30ms=9 31ms=10 32ms=32 34ms=10 36ms=14 38ms=7 40ms=19 42ms=14 44ms=13 46ms=19 48ms=14 53ms=11 57ms=6 61ms=10 65ms=6 69ms=4 73ms=1 77ms=2 81ms=0 85ms=0 89ms=0 93ms=0 97ms=0 101ms=0 105ms=0 109ms=0 113ms=0 117ms=0 121ms=0 125ms=0 129ms=0 133ms=0 150ms=0 200ms=0 250ms=0 300ms=0 350ms=0 400ms=0 450ms=0 500ms=0 550ms=0 600ms=0 650ms=0 700ms=0 750ms=0 800ms=0 850ms=0 900ms=0 950ms=0 1000ms=0 1050ms=0 1100ms=0 1150ms=0 1200ms=0 1250ms=0 1300ms=0 1350ms=0 1400ms=0 1450ms=0 1500ms=0 1550ms=0 1600ms=0 1650ms=0 1700ms=0 1750ms=0 1800ms=0 1850ms=0 1900ms=0 1950ms=0 2000ms=0 2050ms=0 2100ms=0 2150ms=0 2200ms=0 2250ms=0 2300ms=0 2350ms=0 2400ms=0 2450ms=0 2500ms=0 2550ms=0 2600ms=0 2650ms=0 2700ms=0 2750ms=0 2800ms=0 2850ms=0 2900ms=0 2950ms=0 3000ms=0 3050ms=0 3100ms=0 3150ms=0 3200ms=0 3250ms=0 3300ms=0 3350ms=0 3400ms=0 3450ms=0 3500ms=0 3550ms=0 3600ms=0 3650ms=0 3700ms=0 3750ms=0 3800ms=0 3850ms=0 3900ms=0 3950ms=0 4000ms=0 4050ms=0 4100ms=0 4150ms=0 4200ms=0 4250ms=0 4300ms=0 4350ms=0 4400ms=0 4450ms=0 4500ms=0 4550ms=0 4600ms=0 4650ms=0 4700ms=0 4750ms=0 4800ms=0 4850ms=0 4900ms=0 4950ms=0
50th gpu percentile: 15ms
90th gpu percentile: 4950ms
95th gpu percentile: 4950ms
99th gpu percentile: 4950ms
GPU HISTOGRAM: 1ms=0 2ms=0 3ms=0 4ms=1 5ms=4 6ms=4 7ms=17 8ms=18 9ms=27 10ms=12 11ms=15 12ms=20 13ms=22 14ms=42 15ms=20 16ms=25 17ms=16 18ms=8 19ms=8 20ms=7 21ms=6 22ms=7 23ms=6 24ms=17 25ms=12 4950ms=83

Pipeline=Skia (OpenGL)
Memory policy:
  Max surface area: 2073600
  Max resource usage: 99.53MB (x48)
  Background retention: 50% (altUiHidden = true)
  GPU Context timeout: 10
Contexts: 2 (stopped = 1)
CPU Caches:
  Glyph Cache: 67.75 KB (1 entry)
  Glyph Count: 22 
Total CPU memory usage:
  69371 bytes, 67.75 KB (0.00 bytes is purgeable)
GPU Caches:
  Other:
    Other: 13.67 KB (1 entry)
    Buffer Object: 464.00 bytes (2 entries)
    StencilAttachment: 36.00 KB (3 entries)
  Scratch:
    RenderTarget: 36.00 KB (2 entries)
    Texture: 2.00 MB (2 entries)
    Buffer Object: 144.00 KB (4 entries)
Total GPU memory usage:
  2332928 bytes, 2.22 MB (136.45 KB is purgeable)

GraphicBufferAllocator buffers:
        Handle |        Size |     W (Stride) x H | Layers |   Format |      Usage | Requestor
0x748646908ab0 |     unknown |  720 (   0) x 1280 |      1 |        1 | 0x     b00 | VRI[ChatActivity]#1(BLAST Consumer)1
0x7486469099e0 |     unknown |  720 (   0) x 1280 |      1 |        1 | 0x     b00 | VRI[ChatActivity]#1(BLAST Consumer)1
0x74864690bb10 |     unknown |  720 (   0) x 1280 |      1 |        1 | 0x     b00 | VRI[ChatActivity]#1(BLAST Consumer)1
Total allocated by GraphicBufferAllocator (estimate): 0.00 KB
GoldfishAllocator::dumpDebugInfo is not implemented
Profile data in ms:

	com.ggufchat.app/com.ggufchat.app.MainActivity/android.view.ViewRootImpl@b2a2388 (visibility=8)
Window: com.ggufchat.app/com.ggufchat.app.MainActivity
Stats since: 320357806324ns
Total frames rendered: 0
Janky frames: 0 (0.00%)
Janky frames (legacy): 0 (0.00%)
50th percentile: 4950ms
90th percentile: 4950ms
95th percentile: 4950ms
99th percentile: 4950ms
Number Missed Vsync: 0
Number High input latency: 0
Number Slow UI thread: 0
Number Slow bitmap uploads: 0
Number Slow issue draw commands: 0
Number Frame deadline missed: 0
Number Frame deadline missed (legacy): 0
HISTOGRAM: 5ms=0 6ms=0 7ms=0 8ms=0 9ms=0 10ms=0 11ms=0 12ms=0 13ms=0 14ms=0 15ms=0 16ms=0 17ms=0 18ms=0 19ms=0 20ms=0 21ms=0 22ms=0 23ms=0 24ms=0 25ms=0 26ms=0 27ms=0 28ms=0 29ms=0 30ms=0 31ms=0 32ms=0 34ms=0 36ms=0 38ms=0 40ms=0 42ms=0 44ms=0 46ms=0 48ms=0 53ms=0 57ms=0 61ms=0 65ms=0 69ms=0 73ms=0 77ms=0 81ms=0 85ms=0 89ms=0 93ms=0 97ms=0 101ms=0 105ms=0 109ms=0 113ms=0 117ms=0 121ms=0 125ms=0 129ms=0 133ms=0 150ms=0 200ms=0 250ms=0 300ms=0 350ms=0 400ms=0 450ms=0 500ms=0 550ms=0 600ms=0 650ms=0 700ms=0 750ms=0 800ms=0 850ms=0 900ms=0 950ms=0 1000ms=0 1050ms=0 1100ms=0 1150ms=0 1200ms=0 1250ms=0 1300ms=0 1350ms=0 1400ms=0 1450ms=0 1500ms=0 1550ms=0 1600ms=0 1650ms=0 1700ms=0 1750ms=0 1800ms=0 1850ms=0 1900ms=0 1950ms=0 2000ms=0 2050ms=0 2100ms=0 2150ms=0 2200ms=0 2250ms=0 2300ms=0 2350ms=0 2400ms=0 2450ms=0 2500ms=0 2550ms=0 2600ms=0 2650ms=0 2700ms=0 2750ms=0 2800ms=0 2850ms=0 2900ms=0 2950ms=0 3000ms=0 3050ms=0 3100ms=0 3150ms=0 3200ms=0 3250ms=0 3300ms=0 3350ms=0 3400ms=0 3450ms=0 3500ms=0 3550ms=0 3600ms=0 3650ms=0 3700ms=0 3750ms=0 3800ms=0 3850ms=0 3900ms=0 3950ms=0 4000ms=0 4050ms=0 4100ms=0 4150ms=0 4200ms=0 4250ms=0 4300ms=0 4350ms=0 4400ms=0 4450ms=0 4500ms=0 4550ms=0 4600ms=0 4650ms=0 4700ms=0 4750ms=0 4800ms=0 4850ms=0 4900ms=0 4950ms=0
50th gpu percentile: 4950ms
90th gpu percentile: 4950ms
95th gpu percentile: 4950ms
99th gpu percentile: 4950ms
GPU HISTOGRAM: 1ms=0 2ms=0 3ms=0 4ms=0 5ms=0 6ms=0 7ms=0 8ms=0 9ms=0 10ms=0 11ms=0 12ms=0 13ms=0 14ms=0 15ms=0 16ms=0 17ms=0 18ms=0 19ms=0 20ms=0 21ms=0 22ms=0 23ms=0 24ms=0 25ms=0 4950ms=0



---PROFILEDATA---
Flags,FrameTimelineVsyncId,IntendedVsync,Vsync,InputEventId,HandleInputStart,AnimationStart,PerformTraversalsStart,DrawStart,FrameDeadline,FrameInterval,FrameStartTime,SyncQueued,SyncStart,IssueDrawCommandsStart,SwapBuffers,FrameCompleted,DequeueBufferDuration,QueueBufferDuration,GpuCompleted,SwapBuffersCompleted,DisplayPresentTime,CommandSubmissionCompleted,
---PROFILEDATA---


	com.ggufchat.app/com.ggufchat.app.ChatActivity/android.view.ViewRootImpl@af4c121 (visibility=0)
Window: com.ggufchat.app/com.ggufchat.app.ChatActivity
Stats since: 320357984755ns
Total frames rendered: 397
Janky frames: 243 (61.21%)
Janky frames (legacy): 254 (63.98%)
50th percentile: 30ms
90th percentile: 53ms
95th percentile: 61ms
99th percentile: 69ms
Number Missed Vsync: 31
Number High input latency: 241
Number Slow UI thread: 57
Number Slow bitmap uploads: 3
Number Slow issue draw commands: 235
Number Frame deadline missed: 243
Number Frame deadline missed (legacy): 143
HISTOGRAM: 5ms=0 6ms=0 7ms=2 8ms=2 9ms=2 10ms=6 11ms=9 12ms=1 13ms=8 14ms=4 15ms=6 16ms=64 17ms=21 18ms=10 19ms=2 20ms=3 21ms=3 22ms=8 23ms=7 24ms=2 25ms=5 26ms=9 27ms=7 28ms=7 29ms=8 30ms=9 31ms=10 32ms=32 34ms=10 36ms=14 38ms=7 40ms=19 42ms=14 44ms=13 46ms=19 48ms=14 53ms=11 57ms=6 61ms=10 65ms=6 69ms=4 73ms=1 77ms=2 81ms=0 85ms=0 89ms=0 93ms=0 97ms=0 101ms=0 105ms=0 109ms=0 113ms=0 117ms=0 121ms=0 125ms=0 129ms=0 133ms=0 150ms=0 200ms=0 250ms=0 300ms=0 350ms=0 400ms=0 450ms=0 500ms=0 550ms=0 600ms=0 650ms=0 700ms=0 750ms=0 800ms=0 850ms=0 900ms=0 950ms=0 1000ms=0 1050ms=0 1100ms=0 1150ms=0 1200ms=0 1250ms=0 1300ms=0 1350ms=0 1400ms=0 1450ms=0 1500ms=0 1550ms=0 1600ms=0 1650ms=0 1700ms=0 1750ms=0 1800ms=0 1850ms=0 1900ms=0 1950ms=0 2000ms=0 2050ms=0 2100ms=0 2150ms=0 2200ms=0 2250ms=0 2300ms=0 2350ms=0 2400ms=0 2450ms=0 2500ms=0 2550ms=0 2600ms=0 2650ms=0 2700ms=0 2750ms=0 2800ms=0 2850ms=0 2900ms=0 2950ms=0 3000ms=0 3050ms=0 3100ms=0 3150ms=0 3200ms=0 3250ms=0 3300ms=0 3350ms=0 3400ms=0 3450ms=0 3500ms=0 3550ms=0 3600ms=0 3650ms=0 3700ms=0 3750ms=0 3800ms=0 3850ms=0 3900ms=0 3950ms=0 4000ms=0 4050ms=0 4100ms=0 4150ms=0 4200ms=0 4250ms=0 4300ms=0 4350ms=0 4400ms=0 4450ms=0 4500ms=0 4550ms=0 4600ms=0 4650ms=0 4700ms=0 4750ms=0 4800ms=0 4850ms=0 4900ms=0 4950ms=0
50th gpu percentile: 15ms
90th gpu percentile: 4950ms
95th gpu percentile: 4950ms
99th gpu percentile: 4950ms
GPU HISTOGRAM: 1ms=0 2ms=0 3ms=0 4ms=1 5ms=4 6ms=4 7ms=17 8ms=18 9ms=27 10ms=12 11ms=15 12ms=20 13ms=22 14ms=42 15ms=20 16ms=25 17ms=16 18ms=8 19ms=8 20ms=7 21ms=6 22ms=7 23ms=6 24ms=17 25ms=12 4950ms=83



---PROFILEDATA---
Flags,FrameTimelineVsyncId,IntendedVsync,Vsync,InputEventId,HandleInputStart,AnimationStart,PerformTraversalsStart,DrawStart,FrameDeadline,FrameInterval,FrameStartTime,SyncQueued,SyncStart,IssueDrawCommandsStart,SwapBuffers,FrameCompleted,DequeueBufferDuration,QueueBufferDuration,GpuCompleted,SwapBuffersCompleted,DisplayPresentTime,CommandSubmissionCompleted,
0,36046,338949261200,338949261200,0,338949914875,338949915360,338949915572,338950090528,338965927866,338949893049,16666666,338950339227,338950374848,338950467484,338954164707,338966104833,2041,178040,338966104833,338962479318,0,338954164707,
0,36069,339099261194,339099261194,0,339100927194,339100927621,339100927864,339101090678,339115927860,339100921887,16666666,339101327575,339101363048,339101489610,339102653504,339116139805,3176,547681,339116139805,339112207815,0,339102653504,
0,36077,339115927860,339115927860,0,339116340494,339116340916,339116341108,339116474291,339149261192,339116336254,16666666,339116729617,339116759900,339120555807,339137782609,339149428057,1886,318962,339149428057,339146491098,0,339137782609,
0,36100,339232594522,339232594522,0,339232747386,339232747796,339232748011,339232826591,339249261188,339232745104,16666666,339233266847,339233302947,339233384120,339237005230,339249397031,1957,335002,339249397031,339243029224,0,339237005230,
0,36115,339365927850,339365927850,0,339366102621,339366103561,339366103797,339366194586,339382594516,339366099467,16666666,339366357574,339366378045,339366462788,339368401295,339399430280,1588,367208,339399430280,339386405248,0,339368401295,
0,36130,339515927844,339515927844,0,339516232321,339516233129,339516233356,339516374280,339532594510,339516230009,16666666,339516735430,339516981693,339517172489,339525819615,339539459046,2795,560177,339539369891,339539459046,0,339525819615,
0,36153,339632594506,339632594506,0,339632787543,339632788014,339632788211,339632955333,339649261172,339632783668,16666666,339633191956,339633213954,339633321471,339634822397,339650978104,3524,570843,339650978104,339644464954,0,339634822397,
0,36161,339699261170,339699261170,0,339699467555,339699467959,339699468180,339699567610,339715927836,339699465666,16666666,339699794487,339699852028,339699953354,339702028458,339716124353,2478,542993,339716124353,339707481757,0,339702028458,
0,36205,339849261164,339849261164,0,339849556041,339849556445,339849556593,339849710039,339865927830,339849552149,16666666,339850079894,339850119646,339850239173,339851812241,339859647428,3877,409904,339859565716,339859647428,0,339851812241,
0,36220,339982594492,339982594492,0,339983046807,339983047293,339983047467,339983649129,339999261158,339983042140,16666666,339984092130,339988413508,339988560522,339993802630,340000677815,2966,1437980,340000677815,339996780950,0,339993802630,
0,36235,340115927820,340115927820,0,340116102637,340116103111,340116103280,340116194290,340132594486,340116100616,16666666,340116353665,340116373495,340116434693,340121078210,340132733276,2591,307485,340132733276,340126098845,0,340121078210,
0,36243,340132594486,340132594486,0,340132810990,340132811366,340132811522,340132936596,340165927818,340132807881,16666666,340133145786,340133158999,340133249302,340150317240,340156548444,2868,229017,340156473963,340156548444,0,340150317240,
0,36266,340282594480,340282594480,0,340282869251,340282869693,340282869882,340282988640,340299261146,340282867656,16666666,340283775511,340283818391,340283907668,340288176109,340299904016,2403,465112,340299904016,340296212826,0,340288176109,
0,36289,340449261140,340449261140,0,340449558163,340449558662,340449558933,340449721906,340465927806,340449553548,16666666,340450167406,340451643784,340451989564,340454671542,340468414440,2403,221514,340468414440,340465671430,0,340454671542,
0,36312,340599261134,340615927800,0,340620827998,340620828458,340620828716,340621066889,340615927800,340620823021,16666666,340621374759,340621413589,340621555068,340624107151,340633208219,2513,806382,340633208219,340628762326,0,340624107151,
0,36320,340632594466,340632594466,0,340648955527,340648956010,340648956275,340649115009,340665927798,340648952729,16666666,340649519553,340649548539,340649662485,340650946460,340666088838,2382,443142,340666088838,340657060292,0,340650946460,
0,36328,340749261128,340749261128,0,340749641539,340749642639,340749642868,340749820102,340765927794,340749636096,16666666,340750181520,340750218947,340750340818,340753849016,340766223355,2104,351232,340766223355,340759911129,0,340753849016,
0,36379,340899261122,340899261122,0,340899502968,340899503372,340899503528,340899617363,340915927788,340899501005,16666666,340899804513,340899828353,340899942467,340901411721,340916205984,3867,314394,340916205984,340908243590,0,340901411721,
0,36402,341032594450,341032594450,0,341032764735,341032765186,341032765345,341032907265,341049261116,341032763105,16666666,341033133528,341033283361,341033382876,341034734672,341043259834,2506,224768,341043201515,341043259834,0,341034734672,
0,36410,341132594446,341132594446,0,341135202984,341135203892,341135204046,341135394103,341149261112,341135197228,16666666,341135677268,341135719323,341135898157,341137740832,341149455110,2974,230966,341149455110,341141649772,0,341137740832,
0,36425,341182594444,341182594444,0,341187323191,341187323777,341187323942,341187510993,341199261110,341187317965,16666666,341187924041,341187956397,341188224184,341189725132,341232716173,3902,263818,341232716173,341217458679,0,341189725132,
0,36441,341315927772,341315927772,0,341316135078,341316136052,341316136262,341316267279,341332594438,341316131363,16666666,341316505133,341316535169,341316636352,341319295437,341333130152,4195,740273,341333130152,341329177128,0,341319295437,
0,36464,341465927766,341465927766,0,341467126395,341467127045,341467127267,341467455998,341482594432,341467120159,16666666,341468083349,341468105646,341468232901,341469796544,341477027759,2687,305212,341476970598,341477027759,0,341469796544,
0,36472,341482594432,341499261098,0,341500220828,341500221366,341500221561,341500367201,341499261098,341500217628,16666666,341500515518,341500586695,341500688453,341504604628,341516238935,3574,501354,341516238935,341511362858,0,341504604628,
0,36495,341632594426,341632594426,0,341632827417,341632827838,341632828137,341632932211,341649261092,341632825809,16666666,341633227425,341633247548,341633338357,341635094205,341649611188,2506,361251,341649611188,341647265869,0,341635094205,
0,36503,341649261092,341649261092,0,341652547327,341652547812,341652548045,341652712726,341682594424,341652543515,16666666,341653003214,341669949605,341670095581,341671602417,341680480101,5373,1608505,341680259521,341680480101,0,341671602417,
0,36526,341799261086,341799261086,0,341799508305,341799508686,341799508854,341799610203,341815927752,341799505837,16666666,341806090267,341816449755,341816621465,341820489215,341832795921,2401,182608,341832795921,341827349641,0,341820489215,
0,36569,341949261080,341949261080,0,341951486124,341951486538,341951486758,341951665823,341965927746,341951480688,16666666,341951982134,341952063188,341952188896,341953258636,341966491133,3131,529286,341966491133,341960422328,0,341953258636,
0,36592,342099261074,342099261074,0,342099815058,342099815947,342099816163,342100080011,342115927740,342099809229,16666666,342100452053,342100587438,342101152999,342102311882,342117707167,2672,747282,342117707167,342109285932,0,342102311882,
0,36600,342149261072,342149261072,0,342149638731,342149639413,342149639607,342149823145,342165927738,342149633378,16666666,342150147268,342150193907,342150341512,342151531671,342167936080,4433,260504,342167936080,342158495850,0,342151531671,
0,36623,342265927734,342265927734,0,342266303483,342266304007,342266304184,342266491538,342282594400,342266298432,16666666,342266792616,342266832616,342266978378,342268521483,342283820348,4344,443267,342283820348,342275546557,0,342268521483,
0,36631,342382594396,342382594396,0,342382749686,342382750758,342382750976,342382889299,342399261062,342382747017,16666666,342383110377,342383133224,342383228013,342388803006,342399648674,4920,832812,342399648674,342392449630,0,342388803006,
0,36654,342532594390,342532594390,0,342532752747,342532753306,342532753541,342532880543,342549261056,342532750610,16666666,342533092298,342533116850,342533209529,342534419230,342547953503,4226,670477,342547828373,342547953503,0,342534419230,
0,36677,342649261052,342649261052,0,342649447693,342649448360,342649448580,342649610094,342665927718,342649442623,16666666,342649892302,342649918729,342650030307,342651447587,342660601290,14039,572171,342660452125,342660601290,0,342651447587,
0,36685,342715927716,342715927716,0,342716899989,342716900789,342716901006,342717078329,342732594382,342716894491,16666666,342717366213,342717405937,342717529083,342719946967,342729013733,13400,2344534,342728792707,342729013733,0,342719946967,
0,36708,342865927710,342865927710,0,342866356742,342866357419,342866357633,342866603010,342882594376,342866353740,16666666,342867764712,342867814092,342868839061,342871471065,342883983323,5016,351595,342883983323,342881128120,0,342871471065,
0,36716,342882594376,342882594376,0,342884341170,342884341732,342884342023,342884526289,342915927708,342884335182,16666666,342884710159,342884755795,342884899154,342887044846,342916093736,4260129,477123,342916093736,342910698020,0,342887044846,
0,36760,343049261036,343049261036,0,343049717272,343049717809,343049717963,343050341976,343065927702,343049712080,16666666,343050770266,343050879034,343051041793,343054286994,343066330976,6622,520676,343066330976,343061010717,0,343054286994,
0,36768,343149261032,343149261032,0,343149575175,343149575601,343149575847,343149746590,343165927698,343149569355,16666666,343150008051,343150045587,343150149809,343152486217,343158945940,4205,623003,343158879939,343158945940,0,343152486217,
0,36776,343182594364,343182594364,0,343182783051,343182783521,343182783767,343182878326,343199261030,343182781371,16666666,343183015880,343183028346,343183101540,343184513963,343193175853,1911,611056,343193104364,343193175853,0,343184513963,
0,36799,343332594358,343332594358,0,343332757684,343332758279,343332758486,343332880386,343349261024,343332755893,16666666,343333061143,343333089655,343333167817,343334952899,343350658277,3788,306906,343350658277,343339599259,0,343334952899,
0,36822,343482594352,343482594352,0,343483139079,343483139627,343483139809,343483323605,343499261018,343483133412,16666666,343483649866,343483732635,343483867729,343487945099,343495874852,3121,426777,343495786390,343495874852,0,343487945099,
0,36845,343615927680,343615927680,0,343616212152,343616212212,343616212316,343616331246,343632594346,343616211552,16666666,343616526182,343616542939,343616604155,343637080789,343649014312,2224,990331,343648927202,343649014312,0,343637080789,
0,36853,343649261012,343649261012,0,343649455736,343649456292,343649456499,343649585972,343665927678,343649451828,16666666,343649883707,343665736422,343665891762,343667897185,343678115749,3620,627287,343678055442,343678115749,0,343667897185,
0,36861,343782594340,343782594340,0,343782849092,343782849814,343782849982,343782975795,343799261006,343782844985,16666666,343783218232,343783248689,343783334268,343786401464,343799465860,3371,190629,343799465860,343790919342,0,343786401464,
0,36884,343932594334,343932594334,0,343933442329,343933443171,343933443391,343933632796,343949261000,343933436278,16666666,343933965312,343934029960,343934315537,343936055975,343949502125,3700,2098747,343949502125,343944691970,0,343936055975,
0,36921,344049260996,344049260996,0,344052214228,344052214655,344052214825,344052337519,344065927662,344052211007,16666666,344052565432,344052611578,344052723527,344054216726,344066105424,4448,338529,344066105424,344065022058,0,344054216726,
0,36936,344149260992,344149260992,0,344149454972,344149455578,344149455828,344149608158,344165927658,344149450155,16666666,344149874385,344149902398,344150024980,344152933318,344166138505,1784,503098,344166138505,344161278483,0,344152933318,
0,36944,344182594324,344182594324,0,344182852394,344182852852,344182853004,344182933023,344199260990,344182850923,16666666,344183073413,344183087248,344183197635,344185192580,344199475438,1840,128107,344199475438,344190634612,0,344185192580,
0,36975,344349260984,344349260984,0,344350331514,344350331989,344350332228,344350534327,344365927650,344350325474,16666666,344350866835,344350947272,344351089345,344352695503,344366517160,4049,604009,344366517160,344362330338,0,344352695503,
0,36998,344482594312,344482594312,0,344482761583,344482761967,344482762252,344482884538,344499260978,344482759221,16666666,344483092121,344483118248,344483187968,344486613617,344500041609,2520,142006,344500041609,344499043821,0,344486613617,
0,37021,344649260972,344649260972,0,344649443581,344649444282,344649444444,344649525996,344665927638,344649441103,16666666,344649687487,344649710035,344649755975,344651165405,344666211246,2809,366035,344666211246,344657425792,0,344651165405,
0,37029,344665927638,344665927638,0,344666437212,344666437712,344666437904,344666627712,344699260970,344666432212,16666666,344666863261,344666900387,344666998379,344684281443,344699416206,3800,507918,344699416206,344694660544,0,344684281443,
0,37037,344782594300,344782594300,0,344782864882,344782865812,344782865973,344782947701,344799260966,344782861255,16666666,344783119803,344783441741,344783756312,344785472604,344796257241,3570,444386,344796086348,344796257241,0,344785472604,
0,37060,344932594294,344932594294,0,344933305717,344933306834,344933307008,344933537244,344949260960,344933298967,16666666,344933948469,344934014494,344934157084,344937750674,344949570627,2941,705506,344949570627,344944668815,0,344937750674,
0,37097,345065927622,345065927622,0,345066138880,345066139337,345066139551,345066255178,345082594288,345066136837,16666666,345066692909,345066720088,345066851557,345069213324,345078474518,16006,1205471,345078318137,345078474518,0,345069213324,
0,37105,345165927618,345165927618,0,345167133150,345167133908,345167134125,345167347344,345182594284,345167126067,16666666,345167644233,345167702960,345167841171,345169794140,345183433511,3024,170283,345183433511,345175261618,0,345169794140,
0,37128,345215927616,345215927616,0,345216580952,345216581471,345216581654,345216913641,345232594282,345216575283,16666666,345217180443,345217219350,345217317720,345230791677,345249642616,2430,134718,345249642616,345237553974,0,345230791677,
0,37136,345349260944,345349260944,0,345350018118,345350019016,345350019234,345350231284,345365927610,345350011528,16666666,345350591495,345350643663,345350799620,345352733970,345366212043,4078,300023,345366212043,345362064189,0,345352733970,
0,37159,345482594272,345482594272,0,345482839260,345482839943,345482840167,345482963763,345499260938,345482836794,16666666,345483185927,345483256080,345483347132,345484779073,345500049484,4473,357340,345500049484,345490908701,0,345484779073,
0,37182,345615927600,345615927600,0,345630444373,345630444722,345630444886,345630617066,345632594266,345630440309,16666666,345630947866,345631169621,345631286161,345632736533,345649446495,2548,218348,345649446495,345640670229,0,345632736533,
0,37190,345682594264,345682594264,0,345683603342,345683604076,345683604232,345683821275,345699260930,345683598561,16666666,345684099314,345684138388,345684240034,345688527295,345699681949,5287,1682484,345699681949,345694062836,0,345688527295,
0,37198,345782594260,345782594260,0,345783043494,345783043989,345783044197,345783203163,345799260926,345783039320,16666666,345783505540,345784101789,345787163899,345790082732,345799249787,14931,1381719,345798735920,345799249787,0,345790082732,
0,37221,345915927588,345915927588,0,345916741608,345916742193,345916742369,345916837023,345932594254,345916739618,16666666,345917016250,345917035198,345917114742,345920122847,345932734674,3158,842296,345932734674,345928418740,0,345920122847,
0,37244,346065927582,346065927582,0,346066082152,346066082680,346066082901,346066191912,346082594248,346066080246,16666666,346066410812,346066432485,346066516315,346068699566,346082732178,4510,507838,346082732178,346076697450,0,346068699566,
0,37280,346182594244,346182594244,0,346182863403,346182863617,346182863852,346183017089,346199260910,346182859956,16666666,346183248476,346183278682,346183386846,346185039853,346199457739,2920,145146,346199457739,346190278944,0,346185039853,
0,37303,346232594242,346232594242,0,346232733328,346232733890,346232734085,346232902874,346249260908,346232732007,16666666,346233267563,346233285577,346233369767,346250986580,346265736416,2636,306690,346265736416,346257066304,0,346250986580,
0,37310,346249260908,346249260908,0,346254944326,346254944759,346254944966,346255080788,346282594240,346254939450,16666666,346255211111,346257099795,346257212176,346260662950,346282892613,11586484,254659,346282892613,346278390522,0,346260662950,
0,37319,346382594236,346382594236,0,346382782501,346382782998,346382783158,346382867772,346399260902,346382780805,16666666,346383057044,346383079874,346383155879,346384541903,346399714309,3334,541138,346399714309,346390615849,0,346384541903,
0,37342,346532594230,346532594230,0,346533470799,346533471967,346533472135,346533870769,346549260896,346533464024,16666666,346534300883,346534553915,346534693672,346536519059,346549322754,3357,1551305,346549223569,346549322754,0,346536519059,
0,37365,346665927558,346665927558,0,346666137103,346666137702,346666137845,346666268852,346682594224,346666131731,16666666,346666521148,346666546372,346666744302,346669461198,346682818566,4805,543051,346682818566,346677189782,0,346669461198,
0,37373,346682594224,346682594224,0,346683003510,346683004121,346683004306,346683185950,346715927556,346682996726,16666666,346683530883,346698971297,346699121058,346701496982,346716526628,4102,762620,346716526628,346711199274,0,346701496982,
0,37396,346815927552,346832594218,0,346834728004,346834728708,346834728957,346834949981,346832594218,346834722020,16666666,346835350300,346835774362,346835920005,346838191369,346849383970,2859,237291,346849383970,346846206832,0,346838191369,
0,37404,346949260880,346949260880,0,346949418105,346949418839,346949419052,346949512866,346965927546,346949414911,16666666,346950153553,346950178239,346950245705,346952317765,346966074542,2536,141510,346966074542,346959489019,0,346952317765,
0,37427,347099260874,347099260874,0,347100794878,347100795983,347100796198,347101011961,347115927540,347100787840,16666666,347101422082,347101475895,347101619888,347103368034,347116580301,4730,796911,347116580301,347109490921,0,347103368034,
0,37449,347182594204,347182594204,0,347183556514,347183556771,347183556964,347183705451,347199260870,347183552727,16666666,347183949380,347183987612,347184123880,347186154235,347196161578,3121,409741,347196105028,347196161578,0,347186154235,
0,37479,347265927534,347265927534,0,347266580318,347266580773,347266581012,347266762128,347282594200,347266575104,16666666,347267093931,347267629901,347268246121,347269453374,347282814805,2285,969664,347282814805,347279532527,0,347269453374,
0,37494,347399260862,347399260862,0,347399424994,347399425408,347399425614,347399518639,347415927528,347399422739,16666666,347399739224,347400208407,347400280446,347406229421,347416137023,11874,3452712,347416137023,347410838193,0,347406229421,
0,37509,347532594190,347532594190,0,347533047074,347533047664,347533047830,347533408181,347549260856,347533041245,16666666,347533837384,347533897085,347534045304,347536385244,347550320414,1996,1314802,347550320414,347541989055,0,347536385244,
0,37532,347665927518,347665927518,0,347666334650,347666335252,347666335464,347666530975,347682594184,347666329136,16666666,347666917496,347667202010,347667340077,347668958367,347678030724,2380,286142,347677984979,347678030724,0,347668958367,
0,37540,347682594184,347682594184,0,347684264750,347684265151,347684265334,347684423582,347699260850,347684260281,16666666,347684767157,347688116024,347692854399,347699258710,347716605521,3613,281344,347716605521,347707371924,0,347699258710,
0,37563,347815927512,347815927512,0,347816234517,347816234724,347816234885,347816435533,347832594178,347816233294,16666666,347816837256,347816856593,347816952379,347835185166,347842239272,3468,2312330,347842188366,347842239272,0,347835185166,
0,37570,347832594178,347832594178,0,347833293078,347833293512,347833293704,347833521559,347865927510,347833289022,16666666,347833687680,347842267899,347842388007,347844387347,347882788429,14188793,208018,347882788429,347866337323,0,347844387347,
0,37580,347982594172,347982594172,0,347982974869,347982975737,347982975938,347983158619,347999260838,347982967244,16666666,347983530936,347983570101,347983702017,347986090507,347999421873,3251,562120,347999421873,347996563439,0,347986090507,
0,37603,348132594166,348132594166,0,348133177636,348133178620,348133178820,348133417760,348149260832,348133170163,16666666,348133731573,348133797367,348133929821,348136545744,348149582155,2504,296793,348149582155,348148457708,0,348136545744,
0,37618,348182594164,348182594164,0,348184563744,348184564051,348184564191,348184682148,348199260830,348184560197,16666666,348184943377,348184980860,348185080744,348192857090,348216449186,4403,305254,348216449186,348200648393,0,348192857090,
0,37647,348282594160,348282594160,0,348283079752,348283080240,348283080475,348283213720,348299260826,348283075320,16666666,348283453394,348283504147,348283638810,348284862743,348301036523,2269,138847,348301036523,348296358600,0,348284862743,
0,37670,348415927488,348415927488,0,348431434792,348431435246,348431435416,348431618590,348432594154,348431430038,16666666,348431944477,348431983554,348432154777,348435426520,348449375651,1781,130107,348449375651,348441471083,0,348435426520,
0,37678,348549260816,348549260816,0,348549690833,348549691267,348549691506,348549897961,348565927482,348549686333,16666666,348550378356,348550477953,348550666133,348554068391,348566099002,3548,195132,348566099002,348561180850,0,348554068391,
0,37701,348682594144,348682594144,0,348682893755,348682894279,348682894509,348683422959,348699260810,348682889760,16666666,348683682153,348683713279,348683825726,348690579908,348699553173,3002,621123,348699553173,348695702146,0,348690579908,
0,37709,348699260810,348699260810,0,348699820193,348699820619,348699820773,348704105207,348732594142,348699816058,16666666,348709985381,348715238508,348715449488,348717113920,348734731142,2338,495706,348734731142,348723125180,0,348717113920,
0,37732,348849260804,348849260804,0,348849626217,348849626666,348849626848,348849813934,348865927470,348849621279,16666666,348850086241,348850122023,348850325385,348852475626,348860750581,4571,447741,348860379203,348860750581,0,348852475626,
0,37740,348965927466,348965927466,0,348966185317,348966186391,348966186567,348966297609,348982594132,348966183082,16666666,348966491374,348966513501,348966608376,348972330782,348984545043,4626,429549,348984545043,348980830552,0,348972330782,
0,37763,349115927460,349115927460,0,349116215919,349116216357,349116216588,349116300512,349132594126,349116213869,16666666,349116492654,349116515148,349116603371,349117923427,349132766439,2202,117643,349132766439,349125958159,0,349117923427,
0,37771,349182594124,349182594124,0,349182852926,349182853385,349182853577,349183094692,349199260790,349182850122,16666666,349183310068,349183340402,349183436269,349184830740,349200056527,2775,403212,349200056527,349191180393,0,349184830740,
0,37794,349265927454,349265927454,0,349267141928,349267142371,349267142560,349267315795,349282594120,349267138224,16666666,349267854579,349267923612,349268131269,349271222365,349283801406,3012,446433,349283801406,349275912322,0,349271222365,
0,37830,349399260782,349399260782,0,349399791738,349399792169,349399792350,349399951617,349415927448,349399787003,16666666,349400248326,349400291968,349400424808,349402263149,349416125672,3119,243994,349416125672,349409436272,0,349402263149,
0,37853,349549260776,349549260776,0,349550249935,349550250367,349550250528,349550559081,349565927442,349550246082,16666666,349550946283,349551022247,349551155465,349552878215,349566114875,2189,410860,349566114875,349558596002,0,349552878215,
0,37876,349665927438,349665927438,0,349666988363,349666988841,349666989080,349667166579,349682594104,349666983418,16666666,349667447583,349667484592,349667790466,349674525662,349681562832,3778,318091,349681498798,349681562832,0,349674525662,
0,37884,349682594104,349682594104,0,349683234572,349683234943,349683235106,349683361899,349699260770,349683230677,16666666,349683561815,349702528170,349702652845,349704426718,349716156545,2050,349448,349716156545,349714536809,0,349704426718,
0,37892,349815927432,349815927432,0,349816114154,349816114604,349816114802,349816218180,349832594098,349816112085,16666666,349816404828,349816454678,349816542583,349817576728,349833322828,2135,282002,349833322828,349823793235,0,349817576728,
0,37915,349965927426,349965927426,0,349966826303,349966826861,349966827041,349967032801,349982594092,349966819753,16666666,349967354671,349967401866,349967525891,349968980762,349982768110,3724,239367,349982768110,349980494564,0,349968980762,
0,37938,350099260754,350099260754,0,350100147697,350100148094,350100148244,350100323619,350115927420,350100143952,16666666,350100590029,350100628393,350100747307,350102583829,350116298498,2750,270590,350116298498,350110001741,0,350102583829,
0,37946,350182594084,350182594084,0,350183171868,350183172836,350183173011,350183346558,350199260750,350183167331,16666666,350183625633,350183653838,350183793221,350185354680,350208854671,2882,387694,350208854671,350198963129,0,350185354680,
0,37969,350249260748,350249260748,0,350265772465,350265773097,350265773321,350265952657,350265927414,350265767493,16666666,350266796878,350266835897,350266975491,350268817480,350284976751,4655,476859,350284976751,350273755670,0,350268817480,
0,37977,350382594076,350382594076,0,350382886423,350382887431,350382887712,350383070058,350399260742,350382879891,16666666,350383423510,350383460021,350383603543,350385601479,350399504547,3047,578948,350399504547,350395743687,0,350385601479,
0,38021,350532594070,350532594070,0,350534959094,350534959667,350534959897,350535156544,350549260736,350534953147,16666666,350535501273,350535580165,350535752664,350539347517,350549466231,4230,642829,350549466231,350545806597,0,350539347517,
0,38044,350682594064,350682594064,0,350682997774,350682998359,350682998570,350683183830,350699260730,350682991858,16666666,350683499875,350683539557,350683689055,350685419680,350700055477,2405,280657,350700055477,350691890187,0,350685419680,
0,38052,350699260730,350699260730,0,350699791120,350699791590,350699791810,350699949217,350732594062,350699785754,16666666,350700292128,350700322131,350700440290,350718837580,350732816604,1962,230480,350732816604,350725455874,0,350718837580,
0,38067,350832594058,350832594058,0,350833800445,350833800722,350833800926,350833963360,350849260724,350833796235,16666666,350834321995,350836293560,350836904899,350839248445,350848208679,2868,2251274,350848152007,350848208679,0,350839248445,
0,38082,350965927386,350965927386,0,350966416988,350966417719,350966417880,350966523579,350982594052,350966414743,16666666,350966703393,350966764834,350966889659,350968556927,350983155334,4109,293118,350983155334,350976070937,0,350968556927,
0,38105,351099260714,351099260714,0,351100136513,351100137120,351100137310,351100292655,351115927380,351100133618,16666666,351100635202,351100770518,351100876339,351102666396,351115221846,4050,3676624,351115061941,351115221846,0,351102666396,
0,38113,351199260710,351199260710,0,351199703488,351199704594,351199704875,351200332874,351215927376,351199697276,16666666,351200944024,351200984703,351201126906,351202474529,351232886563,2911,307446,351232886563,351217463377,0,351202474529,
0,38136,351265927374,351265927374,0,351268117080,351268117489,351268117675,351268277083,351282594040,351268113553,16666666,351268577490,351268615845,351268828393,351284337291,351299411700,4474,556255,351299411700,351290116963,0,351284337291,
0,38144,351382594036,351382594036,0,351383122034,351383122939,351383123149,351383337362,351399260702,351383116176,16666666,351383821151,351383860153,351384131731,351385797093,351399444447,2933,426802,351399444447,351394933959,0,351385797093,
0,38195,351549260696,351549260696,0,351550320083,351550320480,351550320635,351550492956,351565927362,351550315416,16666666,351551114612,351551195344,351551313540,351557450395,351567551957,3146,579161,351567551957,351564980936,0,351557450395,
0,38218,351682594024,351682594024,0,351682758762,351682759230,351682759500,351682853902,351699260690,351682756616,16666666,351683053433,351683096896,351683188276,351684206076,351692760653,3211,356255,351692656751,351692760653,0,351684206076,
0,38233,351699260690,351699260690,0,351699429866,351699430216,351699450086,351700741190,351715927356,351699428604,16666666,351701338701,351701349759,351701458999,351715225070,351726098666,2377,166726,351726098666,351719657560,0,351715225070,
0,38247,351715927356,351715927356,0,351716159822,351716160423,351716160603,351716237836,351749260688,351716158383,16666666,351716361903,351719680708,351719755340,351721524985,351749374505,17613264,194684,351749374505,351743788348,0,351721524985,
0,38270,352215927336,352215927336,0,352216216159,352216216855,352216217032,352216335752,352232594002,352216212004,16666666,352216573401,352218968441,352219056115,352220655736,352228350769,4376,432710,352228212900,352228350769,0,352220655736,
---PROFILEDATA---


View hierarchy:

  com.ggufchat.app/com.ggufchat.app.MainActivity/android.view.ViewRootImpl@b2a2388
  48 views, 77.98 kB of render nodes

  com.ggufchat.app/com.ggufchat.app.ChatActivity/android.view.ViewRootImpl@af4c121
  41 views, 78.41 kB of render nodes


Total ViewRootImpl   : 2
Total attached Views : 89
Total RenderNode     : 156.39 kB (used) / 290.74 kB (capacity)