Applications Graphics Acceleration Info:
Uptime: 298212 Realtime: 298212

** Graphics info for pid 7016 [com.ggufchat.app] **

Stats since: 269038821842ns
Total frames rendered: 257
Janky frames: 193 (75.10%)
Janky frames (legacy): 102 (39.69%)
50th percentile: 17ms
90th percentile: 42ms
95th percentile: 48ms
99th percentile: 61ms
Number Missed Vsync: 19
Number High input latency: 77
Number Slow UI thread: 21
Number Slow bitmap uploads: 2
Number Slow issue draw commands: 187
Number Frame deadline missed: 193
Number Frame deadline missed (legacy): 65
HISTOGRAM: 5ms=0 6ms=0 7ms=0 8ms=1 9ms=1 10ms=2 11ms=3 12ms=7 13ms=5 14ms=4 15ms=4 16ms=83 17ms=31 18ms=5 19ms=6 20ms=1 21ms=0 22ms=3 23ms=2 24ms=2 25ms=1 26ms=1 27ms=4 28ms=2 29ms=3 30ms=5 31ms=4 32ms=32 34ms=4 36ms=4 38ms=3 40ms=4 42ms=5 44ms=4 46ms=7 48ms=5 53ms=2 57ms=4 61ms=2 65ms=0 69ms=0 73ms=1 77ms=0 81ms=0 85ms=0 89ms=0 93ms=0 97ms=0 101ms=0 105ms=0 109ms=0 113ms=0 117ms=0 121ms=0 125ms=0 129ms=0 133ms=0 150ms=0 200ms=0 250ms=0 300ms=0 350ms=0 400ms=0 450ms=0 500ms=0 550ms=0 600ms=0 650ms=0 700ms=0 750ms=0 800ms=0 850ms=0 900ms=0 950ms=0 1000ms=0 1050ms=0 1100ms=0 1150ms=0 1200ms=0 1250ms=0 1300ms=0 1350ms=0 1400ms=0 1450ms=0 1500ms=0 1550ms=0 1600ms=0 1650ms=0 1700ms=0 1750ms=0 1800ms=0 1850ms=0 1900ms=0 1950ms=0 2000ms=0 2050ms=0 2100ms=0 2150ms=0 2200ms=0 2250ms=0 2300ms=0 2350ms=0 2400ms=0 2450ms=0 2500ms=0 2550ms=0 2600ms=0 2650ms=0 2700ms=0 2750ms=0 2800ms=0 2850ms=0 2900ms=0 2950ms=0 3000ms=0 3050ms=0 3100ms=0 3150ms=0 3200ms=0 3250ms=0 3300ms=0 3350ms=0 3400ms=0 3450ms=0 3500ms=0 3550ms=0 3600ms=0 3650ms=0 3700ms=0 3750ms=0 3800ms=0 3850ms=0 3900ms=0 3950ms=0 4000ms=0 4050ms=0 4100ms=0 4150ms=0 4200ms=0 4250ms=0 4300ms=0 4350ms=0 4400ms=0 4450ms=0 4500ms=0 4550ms=0 4600ms=0 4650ms=0 4700ms=0 4750ms=0 4800ms=0 4850ms=0 4900ms=0 4950ms=0
50th gpu percentile: 14ms
90th gpu percentile: 4950ms
95th gpu percentile: 4950ms
99th gpu percentile: 4950ms
GPU HISTOGRAM: 1ms=0 2ms=0 3ms=0 4ms=0 5ms=0 6ms=1 7ms=3 8ms=2 9ms=13 10ms=14 11ms=13 12ms=18 13ms=25 14ms=40 15ms=36 16ms=26 17ms=7 18ms=5 19ms=0 20ms=10 21ms=4 22ms=4 23ms=5 24ms=4 25ms=1 4950ms=26

Pipeline=Skia (OpenGL)
Memory policy:
  Max surface area: 2073600
  Max resource usage: 99.53MB (x48)
  Background retention: 50% (altUiHidden = true)
  GPU Context timeout: 10
Contexts: 2 (stopped = 1)
CPU Caches:
  Glyph Cache: 68.96 KB (1 entry)
  Glyph Count: 22 
Total CPU memory usage:
  70620 bytes, 68.96 KB (0.00 bytes is purgeable)
GPU Caches:
  Other:
    Other: 13.67 KB (1 entry)
    Buffer Object: 464.00 bytes (2 entries)
    StencilAttachment: 36.00 KB (3 entries)
  Scratch:
    RenderTarget: 36.00 KB (2 entries)
    Texture: 2.00 MB (2 entries)
    Buffer Object: 144.00 KB (4 entries)
Total GPU memory usage:
  2332928 bytes, 2.22 MB (136.45 KB is purgeable)

GraphicBufferAllocator buffers:
        Handle |        Size |     W (Stride) x H | Layers |   Format |      Usage | Requestor
0x748646905810 |     unknown |  720 (   0) x 1280 |      1 |        1 | 0x     b00 | VRI[ChatActivity]#1(BLAST Consumer)1
0x748646906e00 |     unknown |  720 (   0) x 1280 |      1 |        1 | 0x     b00 | VRI[ChatActivity]#1(BLAST Consumer)1
0x748646908000 |     unknown |  720 (   0) x 1280 |      1 |        1 | 0x     b00 | VRI[ChatActivity]#1(BLAST Consumer)1
Total allocated by GraphicBufferAllocator (estimate): 0.00 KB
GoldfishAllocator::dumpDebugInfo is not implemented
Profile data in ms:

	com.ggufchat.app/com.ggufchat.app.MainActivity/android.view.ViewRootImpl@441a50f (visibility=8)
Window: com.ggufchat.app/com.ggufchat.app.MainActivity
Stats since: 269038201306ns
Total frames rendered: 0
Janky frames: 0 (0.00%)
Janky frames (legacy): 0 (0.00%)
50th percentile: 4950ms
90th percentile: 4950ms
95th percentile: 4950ms
99th percentile: 4950ms
Number Missed Vsync: 0
Number High input latency: 0
Number Slow UI thread: 0
Number Slow bitmap uploads: 0
Number Slow issue draw commands: 0
Number Frame deadline missed: 0
Number Frame deadline missed (legacy): 0
HISTOGRAM: 5ms=0 6ms=0 7ms=0 8ms=0 9ms=0 10ms=0 11ms=0 12ms=0 13ms=0 14ms=0 15ms=0 16ms=0 17ms=0 18ms=0 19ms=0 20ms=0 21ms=0 22ms=0 23ms=0 24ms=0 25ms=0 26ms=0 27ms=0 28ms=0 29ms=0 30ms=0 31ms=0 32ms=0 34ms=0 36ms=0 38ms=0 40ms=0 42ms=0 44ms=0 46ms=0 48ms=0 53ms=0 57ms=0 61ms=0 65ms=0 69ms=0 73ms=0 77ms=0 81ms=0 85ms=0 89ms=0 93ms=0 97ms=0 101ms=0 105ms=0 109ms=0 113ms=0 117ms=0 121ms=0 125ms=0 129ms=0 133ms=0 150ms=0 200ms=0 250ms=0 300ms=0 350ms=0 400ms=0 450ms=0 500ms=0 550ms=0 600ms=0 650ms=0 700ms=0 750ms=0 800ms=0 850ms=0 900ms=0 950ms=0 1000ms=0 1050ms=0 1100ms=0 1150ms=0 1200ms=0 1250ms=0 1300ms=0 1350ms=0 1400ms=0 1450ms=0 1500ms=0 1550ms=0 1600ms=0 1650ms=0 1700ms=0 1750ms=0 1800ms=0 1850ms=0 1900ms=0 1950ms=0 2000ms=0 2050ms=0 2100ms=0 2150ms=0 2200ms=0 2250ms=0 2300ms=0 2350ms=0 2400ms=0 2450ms=0 2500ms=0 2550ms=0 2600ms=0 2650ms=0 2700ms=0 2750ms=0 2800ms=0 2850ms=0 2900ms=0 2950ms=0 3000ms=0 3050ms=0 3100ms=0 3150ms=0 3200ms=0 3250ms=0 3300ms=0 3350ms=0 3400ms=0 3450ms=0 3500ms=0 3550ms=0 3600ms=0 3650ms=0 3700ms=0 3750ms=0 3800ms=0 3850ms=0 3900ms=0 3950ms=0 4000ms=0 4050ms=0 4100ms=0 4150ms=0 4200ms=0 4250ms=0 4300ms=0 4350ms=0 4400ms=0 4450ms=0 4500ms=0 4550ms=0 4600ms=0 4650ms=0 4700ms=0 4750ms=0 4800ms=0 4850ms=0 4900ms=0 4950ms=0
50th gpu percentile: 4950ms
90th gpu percentile: 4950ms
95th gpu percentile: 4950ms
99th gpu percentile: 4950ms
GPU HISTOGRAM: 1ms=0 2ms=0 3ms=0 4ms=0 5ms=0 6ms=0 7ms=0 8ms=0 9ms=0 10ms=0 11ms=0 12ms=0 13ms=0 14ms=0 15ms=0 16ms=0 17ms=0 18ms=0 19ms=0 20ms=0 21ms=0 22ms=0 23ms=0 24ms=0 25ms=0 4950ms=0



---PROFILEDATA---
Flags,FrameTimelineVsyncId,IntendedVsync,Vsync,InputEventId,HandleInputStart,AnimationStart,PerformTraversalsStart,DrawStart,FrameDeadline,FrameInterval,FrameStartTime,SyncQueued,SyncStart,IssueDrawCommandsStart,SwapBuffers,FrameCompleted,DequeueBufferDuration,QueueBufferDuration,GpuCompleted,SwapBuffersCompleted,DisplayPresentTime,CommandSubmissionCompleted,
---PROFILEDATA---


	com.ggufchat.app/com.ggufchat.app.ChatActivity/android.view.ViewRootImpl@8d8099c (visibility=0)
Window: com.ggufchat.app/com.ggufchat.app.ChatActivity
Stats since: 269038821468ns
Total frames rendered: 257
Janky frames: 193 (75.10%)
Janky frames (legacy): 102 (39.69%)
50th percentile: 17ms
90th percentile: 42ms
95th percentile: 48ms
99th percentile: 61ms
Number Missed Vsync: 19
Number High input latency: 77
Number Slow UI thread: 21
Number Slow bitmap uploads: 2
Number Slow issue draw commands: 187
Number Frame deadline missed: 193
Number Frame deadline missed (legacy): 65
HISTOGRAM: 5ms=0 6ms=0 7ms=0 8ms=1 9ms=1 10ms=2 11ms=3 12ms=7 13ms=5 14ms=4 15ms=4 16ms=83 17ms=31 18ms=5 19ms=6 20ms=1 21ms=0 22ms=3 23ms=2 24ms=2 25ms=1 26ms=1 27ms=4 28ms=2 29ms=3 30ms=5 31ms=4 32ms=32 34ms=4 36ms=4 38ms=3 40ms=4 42ms=5 44ms=4 46ms=7 48ms=5 53ms=2 57ms=4 61ms=2 65ms=0 69ms=0 73ms=1 77ms=0 81ms=0 85ms=0 89ms=0 93ms=0 97ms=0 101ms=0 105ms=0 109ms=0 113ms=0 117ms=0 121ms=0 125ms=0 129ms=0 133ms=0 150ms=0 200ms=0 250ms=0 300ms=0 350ms=0 400ms=0 450ms=0 500ms=0 550ms=0 600ms=0 650ms=0 700ms=0 750ms=0 800ms=0 850ms=0 900ms=0 950ms=0 1000ms=0 1050ms=0 1100ms=0 1150ms=0 1200ms=0 1250ms=0 1300ms=0 1350ms=0 1400ms=0 1450ms=0 1500ms=0 1550ms=0 1600ms=0 1650ms=0 1700ms=0 1750ms=0 1800ms=0 1850ms=0 1900ms=0 1950ms=0 2000ms=0 2050ms=0 2100ms=0 2150ms=0 2200ms=0 2250ms=0 2300ms=0 2350ms=0 2400ms=0 2450ms=0 2500ms=0 2550ms=0 2600ms=0 2650ms=0 2700ms=0 2750ms=0 2800ms=0 2850ms=0 2900ms=0 2950ms=0 3000ms=0 3050ms=0 3100ms=0 3150ms=0 3200ms=0 3250ms=0 3300ms=0 3350ms=0 3400ms=0 3450ms=0 3500ms=0 3550ms=0 3600ms=0 3650ms=0 3700ms=0 3750ms=0 3800ms=0 3850ms=0 3900ms=0 3950ms=0 4000ms=0 4050ms=0 4100ms=0 4150ms=0 4200ms=0 4250ms=0 4300ms=0 4350ms=0 4400ms=0 4450ms=0 4500ms=0 4550ms=0 4600ms=0 4650ms=0 4700ms=0 4750ms=0 4800ms=0 4850ms=0 4900ms=0 4950ms=0
50th gpu percentile: 14ms
90th gpu percentile: 4950ms
95th gpu percentile: 4950ms
99th gpu percentile: 4950ms
GPU HISTOGRAM: 1ms=0 2ms=0 3ms=0 4ms=0 5ms=0 6ms=1 7ms=3 8ms=2 9ms=13 10ms=14 11ms=13 12ms=18 13ms=25 14ms=40 15ms=36 16ms=26 17ms=7 18ms=5 19ms=0 20ms=10 21ms=4 22ms=4 23ms=5 24ms=4 25ms=1 4950ms=26



---PROFILEDATA---
Flags,FrameTimelineVsyncId,IntendedVsync,Vsync,InputEventId,HandleInputStart,AnimationStart,PerformTraversalsStart,DrawStart,FrameDeadline,FrameInterval,FrameStartTime,SyncQueued,SyncStart,IssueDrawCommandsStart,SwapBuffers,FrameCompleted,DequeueBufferDuration,QueueBufferDuration,GpuCompleted,SwapBuffersCompleted,DisplayPresentTime,CommandSubmissionCompleted,
0,28273,285332596678,285332596678,0,285332834302,285332835297,285332835525,285332984035,285349263344,285332827226,16666666,285333226032,285333255398,285333337917,285337314718,285349597655,6949,2444227,285349597655,285343632856,0,285337314718,
0,28281,285465930006,285465930006,0,285466353639,285466354848,285466355005,285466511895,285482596672,285466346801,16666666,285466753474,285466785954,285466889159,285469028773,285483715372,4670,329585,285483715372,285475102703,0,285469028773,
0,28289,285515930004,285515930004,0,285516207023,285516207753,285516207958,285516401445,285532596670,285516201018,16666666,285516675296,285516740586,285516872771,285518227739,285532842860,7860,531642,285532842860,285524831903,0,285518227739,
0,28297,285599263334,285599263334,0,285599750596,285599751462,285599751692,285599891060,285615930000,285599744515,16666666,285600144957,285600174498,285600269514,285601249285,285616732037,4076,1518314,285616732037,285608756822,0,285601249285,
0,28305,285715929996,285715929996,0,285716939938,285716941035,285716941256,285717169156,285732596662,285716931499,16666666,285717530081,285717585412,285717714909,285719715736,285733689329,6105,850227,285733689329,285727754051,0,285719715736,
0,28313,285849263324,285849263324,0,285849510741,285849511819,285849512000,285849661563,285865929990,285849504790,16666666,285849928340,285849968074,285850132506,285851670390,285862245860,7174,602833,285862175994,285862245860,0,285851670390,
0,28321,285982596652,285982596652,0,285982766111,285982767145,285982767338,285982893431,285999263318,285982760376,16666666,285983092190,285983117728,285983266819,285986855783,285997941544,4361,604167,285997862411,285997941544,0,285986855783,
0,28329,286032596650,286032596650,0,286035268184,286035268822,286035269012,286035733282,286049263316,286035260567,16666666,286036074923,286036120505,286036235467,286040698679,277929311132,27400,1070837,277928788252,286068144854,0,286040698679,
0,28337,286132596646,286132596646,0,286132792202,286132793085,286132793225,286132918065,286149263312,286132786802,16666666,286133119845,286133146424,286133225167,286136971635,286149578095,7107,611026,286149578095,286143289184,0,286136971635,
0,28345,286249263308,286249263308,0,286249688534,286249689440,286249689663,286249896088,286265929974,286249681946,16666666,286250249822,286250304138,286250447525,286251462373,286261262698,3705,588531,286261190732,286261262698,0,286251462373,
0,28353,286399263302,286399263302,0,286399510674,286399511566,286399511799,286399663665,286415929968,286399504728,16666666,286399898871,286399934211,286400048501,286401173602,286417175190,3206,183759,286417175190,286410233038,0,286401173602,
0,28361,286515929964,286515929964,0,286516218889,286516219895,286516220325,286516345507,286532596630,286516213118,16666666,286516576827,286516599155,286516676425,286518674604,286533588925,7796,513995,286533588925,286525318452,0,286518674604,
0,28369,286532596630,286532596630,0,286536804121,286536804779,286536805001,286536966345,286565929962,286536800230,16666666,286537230388,286537408518,286537509167,286545885970,286566239672,24781,321597,286566239672,286552662439,0,286545885970,
0,28377,286699263290,286699263290,0,286699650347,286699651044,286699651256,286699813813,286715929956,286699644212,16666666,286700137888,286700170703,286704061661,286706528318,286717969648,4971,172220,286717969648,286711989486,0,286706528318,
0,28385,286849263284,286849263284,0,286851094787,286851095608,286851095827,286851311787,286865929950,286851087332,16666666,286851777945,286851842448,286851957285,286853532418,286866157719,7265,347506,286866157719,286859076391,0,286853532418,
0,28393,286965929946,286965929946,0,286966113927,286966115004,286966115239,286966205723,286982596612,286966108595,16666666,286966427380,286966452987,286966577859,286970928757,286983203817,5435,327627,286983203817,286976087887,0,286970928757,
0,28401,287032596610,287032596610,0,287032852107,287032852963,287032853177,287033019348,287049263276,287032847140,16666666,287033248791,287033274952,287033397124,287034778107,287049547913,4200,488365,287049547913,287042325811,0,287034778107,
0,28409,287115929940,287115929940,0,287116165274,287116165834,287116166023,287116274696,287132596606,287116160474,16666666,287116482552,287116507956,287116584385,287119251020,287133312991,6860,363219,287133312991,287128825764,0,287119251020,
0,28417,287249263268,287249263268,0,287249806240,287249807070,287249807271,287249995154,287265929934,287249799057,16666666,287250313625,287250386803,287250588821,287251637701,287266118726,3776,375245,287266118726,287256408831,0,287251637701,
0,28425,287382596596,287382596596,0,287382752265,287382753168,287382753380,287382857278,287399263262,287382747260,16666666,287383046564,287383067342,287383143652,287384242001,287399414545,3054,263477,287399414545,287394700656,0,287384242001,
0,28433,287499263258,287499263258,0,287499670091,287499670780,287499671004,287499869627,287515929924,287499663067,16666666,287500269532,287500310056,287500441640,287502239117,287516154308,6891,318182,287516154308,287511941426,0,287502239117,
0,28441,287532596590,287532596590,0,287534197266,287534197660,287534197877,287534372990,287549263256,287534190854,16666666,287534599897,287534677969,287534917844,287536772899,287549913883,4675,458013,287549913883,287545132190,0,287536772899,
0,28456,287649263252,287649263252,0,287650539596,287650539977,287650540176,287650694370,287665929918,287650535650,16666666,287650933617,287650958247,287651071226,287652441690,287666097397,3977,194497,287666097397,287663099422,0,287652441690,
0,28501,287815929912,287815929912,0,287816305066,287816305453,287816305603,287816602126,287832596578,287816300205,16666666,287817014984,287817042694,287817134350,287818430612,287834302493,7041,600985,287834302493,287828281154,0,287818430612,
0,28509,287832596578,287849263244,0,287852534777,287852535224,287852535431,287852720805,287865929910,287852530290,16666666,287852907076,287852949467,287853073206,287854408803,287866067105,3409,357356,287866067105,287862988826,0,287854408803,
0,28532,287965929906,287965929906,0,287966110450,287966110867,287966111059,287966231354,287982596572,287966106764,16666666,287966476229,287966496264,287966587311,287967819140,287982706448,2856,248004,287982706448,287976923592,0,287967819140,
0,28540,288032596570,288032596570,0,288033274780,288033275195,288033275416,288033467237,288049263236,288033269018,16666666,288033733136,288033778679,288033881636,288034868567,288049449732,3793,266633,288049449732,288040994037,0,288034868567,
0,28563,288115929900,288132596566,0,288135256718,288135257153,288135257345,288135330449,288132596566,288135254806,16666666,288135513651,288135710589,288135811003,288137863183,288149410594,3695,451147,288149410594,288146086199,0,288137863183,
0,28571,288249263228,288249263228,0,288249494057,288249494564,288249494719,288249634610,288265929894,288249489996,16666666,288249872746,288249902306,288250020137,288251746006,288261109046,4338,570808,288261018015,288261109046,0,288251746006,
0,28622,288399263222,288399263222,0,288399456360,288399456772,288399456976,288399553359,288415929888,288399454199,16666666,288399709919,288401450518,288401555576,288402675689,288416174368,2761,116909,288416174368,288407283549,0,288402675689,
0,28645,288532596550,288532596550,0,288532843212,288532843643,288532843810,288532949148,288549263216,288532841592,16666666,288533129422,288533146966,288533206569,288535823529,288549506216,7034,729231,288549506216,288542431215,0,288535823529,
0,28653,288549263216,288565929882,0,288568570944,288568571375,288568571578,288568746709,288582596548,288568566880,16666666,288569073349,288569122493,288569237343,288570471290,288583204313,2240,223024,288583204313,288576323365,0,288570471290,
0,28661,288682596544,288682596544,0,288682742889,288682743407,288682743615,288682865075,288699263210,288682738676,16666666,288683066951,288683092734,288683193635,288684751479,288699709701,3856,473683,288699709701,288694692679,0,288684751479,
0,28684,288815929872,288815929872,0,288816498261,288816498694,288816498902,288816688443,288832596538,288816491619,16666666,288817024674,288817129927,288817239811,288819143637,288832734077,3575,385195,288832734077,288829196901,0,288819143637,
0,28707,288932596534,288949263200,0,288951932746,288951933189,288951933393,288952167295,288949263200,288951927968,16666666,288952552809,288953126103,288953232041,288954376798,288964678395,4750,317948,288964596228,288964678395,0,288954376798,
0,28715,289049263196,289049263196,0,289049672915,289049673436,289049673668,289049852805,289065929862,289049666355,16666666,289050125355,289050168163,289050277228,289051869148,289066626888,6134,584117,289066626888,289059046455,0,289051869148,
0,28723,289099263194,289099263194,0,289099658161,289099658606,289099658798,289099829392,289115929860,289099653825,16666666,289100188925,289100199678,289100279206,289102519173,289116068568,2584,113417,289116068568,289113534024,0,289102519173,
0,28738,289115929860,289132596526,0,289136752768,289136753127,289136753303,289136884211,289149263192,289136751371,16666666,289137022181,289137052861,289137127374,289142043762,289149400822,4301,497171,289149400822,289148233541,0,289142043762,
0,28753,289249263188,289249263188,0,289250321979,289250322403,289250322601,289250543198,289265929854,289250316609,16666666,289250910932,289250963378,289251083745,289254508712,289266129537,7277,703013,289266129537,289260713667,0,289254508712,
0,28776,289399263182,289399263182,0,289399497786,289399498302,289399498458,289399609987,289415929848,289399492209,16666666,289399808846,289399831829,289399912619,289401270253,289416147509,4895,991749,289416147509,289408997374,0,289401270253,
0,28827,289532596510,289549263176,0,289550557401,289550557842,289550558037,289550724829,289549263176,289550553270,16666666,289551005938,289551133663,289551246706,289554890847,289564814211,3917,230425,289564634307,289564814211,0,289554890847,
0,28835,289565929842,289565929842,0,289566487779,289566488145,289566488314,289566614776,289582596508,289566484304,16666666,289566803811,289579895749,289580102222,289581292604,289589695444,3988,202369,289589642511,289589695444,0,289581292604,
0,28843,289699263170,289699263170,0,289699518324,289699519202,289699519412,289699654922,289715929836,289699511997,16666666,289699881952,289699910205,289700002380,289702710744,289713840280,5038,2244718,289713747667,289713840280,0,289702710744,
0,28866,289849263164,289849263164,0,289850038348,289850039454,289850039619,289850241574,289865929830,289850030729,16666666,289850586646,289850640994,289850754237,289853029640,289866183379,5196,628388,289866183379,289860623667,0,289853029640,
0,28889,289982596492,289982596492,0,289983888493,289983889094,289983889267,289984149983,289999263158,289983881410,16666666,289984934865,289985024749,289985170322,289986683368,289999459820,3641,450758,289999459820,289998661917,0,289986683368,
0,28897,290065929822,290065929822,0,290066704575,290066705363,290066705556,290066915774,290082596488,290066697650,16666666,290067228539,290067276439,290067407060,290071590803,290082930191,3081,388650,290082930191,290081387064,0,290071590803,
0,28912,290115929820,290115929820,0,290116209947,290116210140,290116210384,290116300413,290132596486,290116208413,16666666,290116490222,290120431598,290120622485,290122703190,290149845458,2375,145197,290149845458,290131483410,0,290122703190,
0,28928,290265929814,290265929814,0,290266342891,290266343581,290266343777,290266519348,290282596480,290266320830,16666666,290266821707,290266866945,290266982019,290269801962,290282858529,8275,792222,290282858529,290277111079,0,290269801962,
0,28951,290399263142,290399263142,0,290399588319,290399588744,290399588959,290399700489,290415929808,290399583659,16666666,290399900222,290399958713,290400067407,290401781005,290417315226,6378,582773,290417315226,290406565483,0,290401781005,
0,28995,290565929802,290565929802,0,290566350093,290566350529,290566350723,290566439522,290582596468,290566344881,16666666,290566650262,290566672590,290566740116,290568381290,290578125322,2811,227012,290578080011,290578125322,0,290568381290,
0,29003,290699263130,290699263130,0,290699914353,290699914842,290699915046,290700152782,290715929796,290699908543,16666666,290700526856,290700558298,290700655547,290704833323,290716568499,5153,447406,290716568499,290709735014,0,290704833323,
0,29026,290832596458,290832596458,0,290832753212,290832753609,290832753879,290832879132,290849263124,290832748393,16666666,290833070433,290833092270,290833255153,290834317076,290849432188,3352,334390,290849432188,290845850011,0,290834317076,
0,29049,290982596452,290982596452,0,290983043629,290983044092,290983044356,290983259550,290999263118,290983036571,16666666,290983614296,290983662311,290983874311,290985778749,290999847442,5373,528174,290999847442,290993871163,0,290985778749,
0,29057,291065929782,291065929782,0,291066187969,291066188424,291066188633,291066372422,291082596448,291066183776,16666666,291066631006,291066657189,291066767089,291071036209,291083117655,4677,509802,291083117655,291076502786,0,291071036209,
0,29065,291115929780,291115929780,0,291116656335,291116656722,291116656875,291116836502,291132596446,291116651177,16666666,291117112973,291117145336,291117251692,291118409549,291128748996,2835,266393,291128692856,291128748996,0,291118409549,
0,29088,291249263108,291249263108,0,291249643168,291249643622,291249643879,291249828528,291265929774,291249637039,16666666,291250136558,291250171589,291250293992,291253875059,291266522836,3848,369569,291266522836,291258695307,0,291253875059,
0,29111,291382596436,291382596436,0,291382768447,291382768862,291382769004,291382849599,291399263102,291382764149,16666666,291383023099,291383041019,291383114795,291384245809,291399607847,10802,548791,291399607847,291394486514,0,291384245809,
0,29119,291515929764,291515929764,0,291516165671,291516166441,291516166643,291516306715,291532596430,291516161546,16666666,291516537017,291516562219,291516663244,291522375902,291534606087,6223,1467714,291534606087,291532517062,0,291522375902,
0,29142,291565929762,291565929762,0,291566169442,291566170049,291566170304,291566292912,291582596428,291566165918,16666666,291570119903,291570190331,291570365698,291579308782,291599433768,4258,425134,291599433768,291591199485,0,291579308782,
0,29185,291699263090,291699263090,0,291699529119,291699529632,291699529791,291699621663,291715929756,291699523931,16666666,291699831928,291700052453,291700146132,291705081691,291716141582,3316,166540,291716141582,291710823520,0,291705081691,
0,29208,291849263084,291849263084,0,291850835767,291850836617,291850836812,291851089806,291865929750,291850827800,16666666,291851493675,291851893920,291852065157,291853773482,291863863590,5093,757431,291863796874,291863863590,0,291853773482,
0,29231,291999263078,291999263078,0,291999426973,291999427399,291999427598,291999556926,292015929744,291999422090,16666666,291999769918,291999794141,291999881182,292004529781,292016246255,4738,395222,292016246255,292009465281,0,292004529781,
0,29239,292065929742,292065929742,0,292066998633,292066999278,292066999467,292067233878,292082596408,292066990393,16666666,292067562059,292067630840,292067755554,292069599419,292082864014,4430,281813,292082864014,292077753351,0,292069599419,
0,29247,292115929740,292115929740,0,292116121465,292116121835,292116122021,292116219378,292132596406,292116116785,16666666,292116401747,292116420941,292116491309,292118279299,292127728035,4270,410619,292127623268,292127728035,0,292118279299,
0,29270,292265929734,292265929734,0,292266524358,292266524928,292266525118,292266719331,292282596400,292266518426,16666666,292267067404,292267123945,292267245951,292269263521,292283560318,5912,243618,292283560318,292274015234,0,292269263521,
0,29293,292415929728,292415929728,0,292416338234,292416338761,292416338905,292416608711,292432596394,292416332771,16666666,292417044065,292417059927,292417167529,292419574204,292432779784,5994,255038,292432779784,292425459528,0,292419574204,
0,29301,292432596394,292432596394,0,292432984533,292432985031,292432985178,292433145478,292465929726,292432979721,16666666,292433284303,292447711214,292447904818,292450501492,292466079745,3956,307156,292466079745,292458834555,0,292450501492,
0,29309,292549263056,292549263056,0,292549539577,292549540295,292549540539,292549675927,292565929722,292549533067,16666666,292549895033,292549920902,292549991288,292551634647,292569203070,6350,3422527,292569203070,292560666593,0,292551634647,
0,29324,292565929722,292582596388,0,292586824252,292586824725,292586824914,292586975248,292599263054,292586822221,16666666,292587450399,292587477965,292587565684,292590005446,292599477074,3716,303318,292599477074,292593872384,0,292590005446,
0,29367,292699263050,292699263050,0,292700896156,292700896606,292700896768,292701049735,292715929716,292700891886,16666666,292701697275,292701739679,292701876047,292703120594,292716390414,4853,315679,292716390414,292712648089,0,292703120594,
0,29390,292832596378,292832596378,0,292832727424,292832727760,292832727957,292832811937,292849263044,292832723303,16666666,292832968076,292832984206,292833056331,292834851894,292843054244,4062,290669,292842997866,292843054244,0,292834851894,
0,29413,292982596372,292982596372,0,292983241820,292983242029,292983242183,292983473009,292999263038,292983238515,16666666,292983808907,293000547520,293000755418,293004557404,293013287591,5688,319571,293013178762,293013287591,0,293004557404,
0,29421,293065929702,293065929702,0,293066141371,293066141828,293066142035,293066294783,293082596368,293066136984,16666666,293066570256,293066599758,293066714542,293067872653,293088458447,4020,461827,293088458447,293074942167,0,293067872653,
0,29429,293132596366,293132596366,0,293133045403,293133045806,293133045999,293133184972,293149263032,293133042131,16666666,293133547768,293133580595,293133684228,293137327443,293149658840,2548,214653,293149658840,293146113038,0,293137327443,
0,29452,293265929694,293265929694,0,293266878690,293266879188,293266879453,293267092763,293282596360,293266871975,16666666,293267497440,293267553926,293267683937,293271951189,293299463170,6049,333240,293299463170,293284399199,0,293271951189,
0,29475,293432596354,293432596354,0,293432974073,293432974608,293432974800,293433145043,293449263020,293432968658,16666666,293433514365,293433552128,293433726240,293439716300,293449521320,4371,420253,293449521320,293444512593,0,293439716300,
0,29483,293549263016,293549263016,0,293549727761,293549728276,293549728453,293549906949,293565929682,293549722323,16666666,293550232817,293550269601,293550409096,293552558569,293566090263,4162,199413,293566090263,293564634620,0,293552558569,
0,29498,293565929682,293565929682,0,293582507590,293582508033,293582508200,293583186903,293599263014,293582504267,16666666,293583463265,293583689154,293583842007,293585842866,293599476474,4795,374785,293599476474,293592804850,0,293585842866,
0,29541,293699263010,293699263010,0,293699475217,293699475664,293699475883,293699566141,293715929676,293699471636,16666666,293699753639,293699778949,293699851643,293702475084,293712231961,4164,372898,293712158676,293712231961,0,293702475084,
0,29564,293832596338,293832596338,0,293832788562,293832789008,293832789199,293832940035,293849263004,293832784396,16666666,293833186198,293833210230,293833342594,293836766839,293848624814,3401,257881,293848577653,293848624814,0,293836766839,
0,29572,293965929666,293965929666,0,293966098372,293966098791,293966099019,293966307558,293982596332,293966094394,16666666,293966734259,293966754023,293966861623,293968832741,293982813791,4341,331188,293982813791,293977844076,0,293968832741,
0,29587,293982596332,293982596332,0,293983218737,293983218985,293983219203,293983371795,294015929664,293983215835,16666666,293983507735,293983544249,293983641461,293999727446,294016818249,2974,303814,294016818249,294011846916,0,293999727446,
0,29602,294065929662,294065929662,0,294066851919,294066852531,294066852750,294067045197,294082596328,294066845208,16666666,294067620081,294067710060,294067856208,294071818218,294099499194,3884,357687,294099499194,294086826361,0,294071818218,
0,29610,294132596326,294132596326,0,294133100629,294133101059,294133101269,294133221390,294149262992,294133096308,16666666,294133474412,294133527615,294133642377,294136484307,294150237526,5828,463784,294150237526,294143126212,0,294136484307,
0,29633,294282596320,294282596320,0,294283075126,294283075559,294283075729,294283160774,294299262986,294283070430,16666666,294283332054,294283356106,294283418996,294284447227,294299414723,2379,252475,294299414723,294293341362,0,294284447227,
0,29656,294415929648,294415929648,0,294416194494,294416194640,294416194752,294416304052,294432596314,294416191884,16666666,294416464822,294416487299,294416581072,294419662615,294432809107,3668,198878,294432809107,294424618225,0,294419662615,
0,29664,294565929642,294565929642,0,294566768757,294566769193,294566769412,294566848874,294582596308,294566764362,16666666,294567009188,294567031399,294567107205,294569648152,294582730550,3013,193708,294582730550,294579969861,0,294569648152,
0,29679,294582596308,294582596308,0,294596151758,294596152156,294596152331,294596205585,294615929640,294596149862,16666666,294596355574,294596739438,294596777159,294599971462,294616123098,2240,319574,294616123098,294608589658,0,294599971462,
0,29694,294715929636,294715929636,0,294716153330,294716153746,294716153945,294716207565,294732596302,294716151801,16666666,294716654250,294716670134,294716712805,294719742351,294730651409,1895,176476,294730515481,294730651409,0,294719742351,
0,29738,294865929630,294865929630,0,294866184891,294866185341,294866185546,294866328277,294882596296,294866180904,16666666,294866521905,294866729665,294866835218,294873966335,294882815505,5637,726892,294882815505,294876000698,0,294873966335,
0,29746,294982596292,294982596292,0,294982787964,294982788537,294982788728,294982906045,294999262958,294982782394,16666666,294983073870,294983095190,294983214158,294984272113,294999540378,4316,485102,294999540378,294990154414,0,294984272113,
0,29769,295082596288,295082596288,0,295083164561,295083164968,295083165151,295083245337,295099262954,295083160703,16666666,295083427805,295083449398,295083514811,295085828573,295116087478,2339,172094,295116087478,295103891159,0,295085828573,
0,29777,295149262952,295149262952,0,295149938052,295149938644,295149938887,295150102456,295165929618,295149934331,16666666,295150250462,295150312558,295150379848,295151936671,295162529005,3152,4462748,295162439171,295162529005,0,295151936671,
0,29800,295299262946,295299262946,0,295299624971,295299625803,295299625967,295299797086,295315929612,295299620954,16666666,295300137881,295300206068,295300347080,295301478871,295319226796,4778,228702,295319226796,295309365230,0,295301478871,
0,29823,295432596274,295432596274,0,295447837020,295447837411,295447837564,295448067354,295449262940,295447831952,16666666,295448458597,295448917884,295449028577,295454300370,295466134985,3975,539768,295466134985,295459951724,0,295454300370,
0,29831,295582596268,295582596268,0,295582974932,295582975560,295582975700,295583141317,295599262934,295582969574,16666666,295583485292,295583534044,295583675747,295585783182,295599467392,6895,669903,295599467392,295595065527,0,295585783182,
0,29839,295599262934,295599262934,0,295612621940,295612622553,295612622787,295612806048,295632596266,295612616701,16666666,295613081684,295613110224,295613415041,295616470828,295633072944,3917,377843,295633072944,295628387662,0,295616470828,
0,29862,295732596262,295732596262,0,295734029317,295734029767,295734029964,295734214330,295749262928,295734023737,16666666,295734554033,295734600635,295734728749,295737063017,295745319496,6740,709024,295745195921,295745319496,0,295737063017,
0,29906,295882596256,295882596256,0,295882783805,295882784253,295882784426,295882895735,295899262922,295882779387,16666666,295883074844,295883097930,295883194542,295884623883,295899659984,7503,393365,295899659984,295889796077,0,295884623883,
0,29914,295999262918,295999262918,0,295999466906,295999467715,295999467850,295999572110,296015929584,295999461538,16666666,295999754273,295999778176,295999843015,296002230610,296016145630,4080,258897,296016145630,296009841325,0,296002230610,
0,29937,296099262914,296099262914,0,296099877566,296099878083,296099878294,296100114621,296115929580,296099872024,16666666,296100440986,296100486354,296100656667,296106239928,296121472194,5169,819414,296121472194,296110625792,0,296106239928,
0,29945,296165929578,296165929578,0,296166505816,296166506599,296166506785,296166703200,296182596244,296166500477,16666666,296167054406,296167094183,296167332701,296169052583,296183244760,4140,256390,296183244760,296177849904,0,296169052583,
0,29968,296315929572,296315929572,0,296316596696,296316597586,296316597777,296316813866,296332596238,296316589913,16666666,296317169569,296317228424,296317371447,296318619495,296332754929,4323,394038,296332754929,296326170358,0,296318619495,
0,29991,296465929566,296465929566,0,296466156980,296466157858,296466158066,296466303555,296482596232,296466150561,16666666,296466562383,296466629385,296466722846,296469837696,296482836470,5535,313067,296482836470,296477136608,0,296469837696,
0,29999,296599262894,296599262894,0,296599859612,296599860695,296599860866,296599959166,296615929560,296599853813,16666666,296600208795,296600468732,296600551426,296602345986,296617839129,8866,471994,296617839129,296611935381,0,296602345986,
0,30014,296615929560,296615929560,0,296618349915,296618350546,296618350781,296618529129,296649262892,296618343860,16666666,296618843949,296619245162,296619381342,296634871816,296649711966,4135,261650,296649711966,296639527886,0,296634871816,
0,30029,296749262888,296749262888,0,296749454316,296749454970,296749455125,296749567304,296765929554,296749449598,16666666,296749763534,296749868338,296749947029,296751915832,296766119114,5375,805289,296766119114,296763061595,0,296751915832,
0,30073,296899262882,296899262882,0,296900145242,296900145632,296900145837,296900335892,296915929548,296900139909,16666666,296900648897,296900763479,296900900188,296906433155,296916151797,5908,162642,296916151797,296911038601,0,296906433155,
0,30096,297032596210,297049262876,0,297050856563,297050857079,297050857282,297051052289,297049262876,297050851186,16666666,297051514149,297051555909,297051826700,297054407275,297062905789,8078,589645,297062787006,297062905789,0,297054407275,
0,30104,297099262874,297099262874,0,297099745365,297099746045,297099746316,297099952225,297115929540,297099737392,16666666,297100259336,297100314093,297100440125,297102755031,297116194483,4547,467819,297116194483,297110111049,0,297102755031,
0,30112,297182596204,297182596204,0,297182998747,297182999485,297182999668,297183209041,297199262870,297182991535,16666666,297183622428,297183670312,297183807178,297185170947,297199485488,6699,443399,297199485488,297196990865,0,297185170947,
0,30135,297315929532,297315929532,0,297316142548,297316143172,297316143363,297316247568,297332596198,297316138063,16666666,297316444399,297316471352,297316540768,297317986399,297332854124,5957,654658,297332854124,297327639824,0,297317986399,
0,30158,297465929526,297465929526,0,297466118870,297466119708,297466119920,297466254989,297482596192,297466113002,16666666,297466497558,297466657453,297466753997,297468705273,297482818782,5198,669475,297482818782,297476954974,0,297468705273,
0,30166,297599262854,297599262854,0,297599624255,297599625158,297599625355,297599813231,297615929520,297599617888,16666666,297600138971,297600179817,297600303932,297603302740,297616166223,5278,388040,297616166223,297615356846,0,297603302740,
0,30181,297615929520,297615929520,0,297628091486,297628091894,297628092091,297628142265,297649262852,297628089821,16666666,297628286711,297628303145,297628336866,297634963829,297649376773,3293,449009,297649376773,297646151090,0,297634963829,
0,30196,297765929514,297765929514,0,297766123427,297766123867,297766124052,297766238874,297782596180,297766119694,16666666,297766456068,297766480511,297766582234,297767755172,297783789784,2720,352815,297783789784,297774251251,0,297767755172,
0,30240,297899262842,297899262842,0,297899409881,297899410116,297899410362,297899477147,297915929508,297899406067,16666666,297899615865,297899655434,297899727031,297900893958,297916066547,2043,100912,297916066547,297905866604,0,297900893958,
0,30255,297915929508,297915929508,0,297918243474,297918243825,297918257363,297919121391,297949262840,297918242391,16666666,297919709711,297926912170,297927072438,297929058924,297942477220,3447,223156,297942477220,297933103939,0,297929058924,
0,30269,297932596174,297932596174,0,297934535256,297934535654,297934535807,297934636926,297965929506,297934532489,16666666,297934795984,297936058248,297936242829,297937299527,297966070151,18971930,411391,297966070151,297961552197,0,297937299527,
0,30285,298099262834,298099262834,0,298099433196,298099434007,298099434179,298099527681,298115929500,298099428368,16666666,298099702431,298099752491,298099822484,298100884684,298108981904,2732,137218,298108928214,298108981904,0,298100884684,
---PROFILEDATA---


View hierarchy:

  com.ggufchat.app/com.ggufchat.app.MainActivity/android.view.ViewRootImpl@441a50f
  43 views, 70.44 kB of render nodes

  com.ggufchat.app/com.ggufchat.app.ChatActivity/android.view.ViewRootImpl@8d8099c
  41 views, 78.30 kB of render nodes


Total ViewRootImpl   : 2
Total attached Views : 84
Total RenderNode     : 148.74 kB (used) / 283.20 kB (capacity)