Applications Graphics Acceleration Info:
Uptime: 583609 Realtime: 583609

** Graphics info for pid 10609 [com.ggufchat.app] **

Stats since: 555664426622ns
Total frames rendered: 183
Janky frames: 155 (84.70%)
Janky frames (legacy): 32 (17.49%)
50th percentile: 16ms
90th percentile: 32ms
95th percentile: 32ms
99th percentile: 34ms
Number Missed Vsync: 3
Number High input latency: 6
Number Slow UI thread: 4
Number Slow bitmap uploads: 2
Number Slow issue draw commands: 151
Number Frame deadline missed: 155
Number Frame deadline missed (legacy): 31
HISTOGRAM: 5ms=0 6ms=0 7ms=0 8ms=0 9ms=2 10ms=6 11ms=3 12ms=5 13ms=7 14ms=5 15ms=3 16ms=74 17ms=35 18ms=8 19ms=2 20ms=3 21ms=0 22ms=2 23ms=1 24ms=0 25ms=0 26ms=0 27ms=1 28ms=0 29ms=1 30ms=1 31ms=1 32ms=16 34ms=6 36ms=0 38ms=1 40ms=0 42ms=0 44ms=0 46ms=0 48ms=0 53ms=0 57ms=0 61ms=0 65ms=0 69ms=0 73ms=0 77ms=0 81ms=0 85ms=0 89ms=0 93ms=0 97ms=0 101ms=0 105ms=0 109ms=0 113ms=0 117ms=0 121ms=0 125ms=0 129ms=0 133ms=0 150ms=0 200ms=0 250ms=0 300ms=0 350ms=0 400ms=0 450ms=0 500ms=0 550ms=0 600ms=0 650ms=0 700ms=0 750ms=0 800ms=0 850ms=0 900ms=0 950ms=0 1000ms=0 1050ms=0 1100ms=0 1150ms=0 1200ms=0 1250ms=0 1300ms=0 1350ms=0 1400ms=0 1450ms=0 1500ms=0 1550ms=0 1600ms=0 1650ms=0 1700ms=0 1750ms=0 1800ms=0 1850ms=0 1900ms=0 1950ms=0 2000ms=0 2050ms=0 2100ms=0 2150ms=0 2200ms=0 2250ms=0 2300ms=0 2350ms=0 2400ms=0 2450ms=0 2500ms=0 2550ms=0 2600ms=0 2650ms=0 2700ms=0 2750ms=0 2800ms=0 2850ms=0 2900ms=0 2950ms=0 3000ms=0 3050ms=0 3100ms=0 3150ms=0 3200ms=0 3250ms=0 3300ms=0 3350ms=0 3400ms=0 3450ms=0 3500ms=0 3550ms=0 3600ms=0 3650ms=0 3700ms=0 3750ms=0 3800ms=0 3850ms=0 3900ms=0 3950ms=0 4000ms=0 4050ms=0 4100ms=0 4150ms=0 4200ms=0 4250ms=0 4300ms=0 4350ms=0 4400ms=0 4450ms=0 4500ms=0 4550ms=0 4600ms=0 4650ms=0 4700ms=0 4750ms=0 4800ms=0 4850ms=0 4900ms=0 4950ms=0
50th gpu percentile: 15ms
90th gpu percentile: 17ms
95th gpu percentile: 20ms
99th gpu percentile: 4950ms
GPU HISTOGRAM: 1ms=0 2ms=0 3ms=1 4ms=0 5ms=1 6ms=0 7ms=1 8ms=8 9ms=4 10ms=14 11ms=12 12ms=16 13ms=9 14ms=24 15ms=36 16ms=33 17ms=7 18ms=5 19ms=2 20ms=1 21ms=3 22ms=0 23ms=0 24ms=2 25ms=0 4950ms=4

Pipeline=Skia (OpenGL)
Memory policy:
  Max surface area: 2073600
  Max resource usage: 99.53MB (x48)
  Background retention: 50% (altUiHidden = true)
  GPU Context timeout: 10
Contexts: 2 (stopped = 1)
CPU Caches:
  Glyph Cache: 63.33 KB (1 entry)
  Glyph Count: 22 
Total CPU memory usage:
  64849 bytes, 63.33 KB (0.00 bytes is purgeable)
GPU Caches:
  Other:
    Other: 13.67 KB (1 entry)
    Buffer Object: 464.00 bytes (2 entries)
    StencilAttachment: 36.00 KB (3 entries)
  Scratch:
    RenderTarget: 36.00 KB (2 entries)
    Texture: 2.00 MB (2 entries)
    Buffer Object: 144.00 KB (4 entries)
Total GPU memory usage:
  2332928 bytes, 2.22 MB (136.45 KB is purgeable)

GraphicBufferAllocator buffers:
        Handle |        Size |     W (Stride) x H | Layers |   Format |      Usage | Requestor
0x748646908510 |     unknown |  720 (   0) x 1280 |      1 |        1 | 0x     b00 | VRI[ChatActivity]#1(BLAST Consumer)1
0x7486469086c0 |     unknown |  720 (   0) x 1280 |      1 |        1 | 0x     b00 | VRI[ChatActivity]#1(BLAST Consumer)1
0x7486469151d0 |     unknown |  720 (   0) x 1280 |      1 |        1 | 0x     b00 | VRI[ChatActivity]#1(BLAST Consumer)1
Total allocated by GraphicBufferAllocator (estimate): 0.00 KB
GoldfishAllocator::dumpDebugInfo is not implemented
Profile data in ms:

	com.ggufchat.app/com.ggufchat.app.MainActivity/android.view.ViewRootImpl@9286d6c (visibility=8)
Window: com.ggufchat.app/com.ggufchat.app.MainActivity
Stats since: 555664317683ns
Total frames rendered: 0
Janky frames: 0 (0.00%)
Janky frames (legacy): 0 (0.00%)
50th percentile: 4950ms
90th percentile: 4950ms
95th percentile: 4950ms
99th percentile: 4950ms
Number Missed Vsync: 0
Number High input latency: 0
Number Slow UI thread: 0
Number Slow bitmap uploads: 0
Number Slow issue draw commands: 0
Number Frame deadline missed: 0
Number Frame deadline missed (legacy): 0
HISTOGRAM: 5ms=0 6ms=0 7ms=0 8ms=0 9ms=0 10ms=0 11ms=0 12ms=0 13ms=0 14ms=0 15ms=0 16ms=0 17ms=0 18ms=0 19ms=0 20ms=0 21ms=0 22ms=0 23ms=0 24ms=0 25ms=0 26ms=0 27ms=0 28ms=0 29ms=0 30ms=0 31ms=0 32ms=0 34ms=0 36ms=0 38ms=0 40ms=0 42ms=0 44ms=0 46ms=0 48ms=0 53ms=0 57ms=0 61ms=0 65ms=0 69ms=0 73ms=0 77ms=0 81ms=0 85ms=0 89ms=0 93ms=0 97ms=0 101ms=0 105ms=0 109ms=0 113ms=0 117ms=0 121ms=0 125ms=0 129ms=0 133ms=0 150ms=0 200ms=0 250ms=0 300ms=0 350ms=0 400ms=0 450ms=0 500ms=0 550ms=0 600ms=0 650ms=0 700ms=0 750ms=0 800ms=0 850ms=0 900ms=0 950ms=0 1000ms=0 1050ms=0 1100ms=0 1150ms=0 1200ms=0 1250ms=0 1300ms=0 1350ms=0 1400ms=0 1450ms=0 1500ms=0 1550ms=0 1600ms=0 1650ms=0 1700ms=0 1750ms=0 1800ms=0 1850ms=0 1900ms=0 1950ms=0 2000ms=0 2050ms=0 2100ms=0 2150ms=0 2200ms=0 2250ms=0 2300ms=0 2350ms=0 2400ms=0 2450ms=0 2500ms=0 2550ms=0 2600ms=0 2650ms=0 2700ms=0 2750ms=0 2800ms=0 2850ms=0 2900ms=0 2950ms=0 3000ms=0 3050ms=0 3100ms=0 3150ms=0 3200ms=0 3250ms=0 3300ms=0 3350ms=0 3400ms=0 3450ms=0 3500ms=0 3550ms=0 3600ms=0 3650ms=0 3700ms=0 3750ms=0 3800ms=0 3850ms=0 3900ms=0 3950ms=0 4000ms=0 4050ms=0 4100ms=0 4150ms=0 4200ms=0 4250ms=0 4300ms=0 4350ms=0 4400ms=0 4450ms=0 4500ms=0 4550ms=0 4600ms=0 4650ms=0 4700ms=0 4750ms=0 4800ms=0 4850ms=0 4900ms=0 4950ms=0
50th gpu percentile: 4950ms
90th gpu percentile: 4950ms
95th gpu percentile: 4950ms
99th gpu percentile: 4950ms
GPU HISTOGRAM: 1ms=0 2ms=0 3ms=0 4ms=0 5ms=0 6ms=0 7ms=0 8ms=0 9ms=0 10ms=0 11ms=0 12ms=0 13ms=0 14ms=0 15ms=0 16ms=0 17ms=0 18ms=0 19ms=0 20ms=0 21ms=0 22ms=0 23ms=0 24ms=0 25ms=0 4950ms=0



---PROFILEDATA---
Flags,FrameTimelineVsyncId,IntendedVsync,Vsync,InputEventId,HandleInputStart,AnimationStart,PerformTraversalsStart,DrawStart,FrameDeadline,FrameInterval,FrameStartTime,SyncQueued,SyncStart,IssueDrawCommandsStart,SwapBuffers,FrameCompleted,DequeueBufferDuration,QueueBufferDuration,GpuCompleted,SwapBuffersCompleted,DisplayPresentTime,CommandSubmissionCompleted,
---PROFILEDATA---


	com.ggufchat.app/com.ggufchat.app.ChatActivity/android.view.ViewRootImpl@515af35 (visibility=0)
Window: com.ggufchat.app/com.ggufchat.app.ChatActivity
Stats since: 555664425649ns
Total frames rendered: 184
Janky frames: 155 (84.24%)
Janky frames (legacy): 32 (17.39%)
50th percentile: 16ms
90th percentile: 32ms
95th percentile: 32ms
99th percentile: 34ms
Number Missed Vsync: 3
Number High input latency: 6
Number Slow UI thread: 4
Number Slow bitmap uploads: 2
Number Slow issue draw commands: 151
Number Frame deadline missed: 155
Number Frame deadline missed (legacy): 31
HISTOGRAM: 5ms=0 6ms=0 7ms=0 8ms=0 9ms=2 10ms=7 11ms=3 12ms=5 13ms=7 14ms=5 15ms=3 16ms=74 17ms=35 18ms=8 19ms=2 20ms=3 21ms=0 22ms=2 23ms=1 24ms=0 25ms=0 26ms=0 27ms=1 28ms=0 29ms=1 30ms=1 31ms=1 32ms=16 34ms=6 36ms=0 38ms=1 40ms=0 42ms=0 44ms=0 46ms=0 48ms=0 53ms=0 57ms=0 61ms=0 65ms=0 69ms=0 73ms=0 77ms=0 81ms=0 85ms=0 89ms=0 93ms=0 97ms=0 101ms=0 105ms=0 109ms=0 113ms=0 117ms=0 121ms=0 125ms=0 129ms=0 133ms=0 150ms=0 200ms=0 250ms=0 300ms=0 350ms=0 400ms=0 450ms=0 500ms=0 550ms=0 600ms=0 650ms=0 700ms=0 750ms=0 800ms=0 850ms=0 900ms=0 950ms=0 1000ms=0 1050ms=0 1100ms=0 1150ms=0 1200ms=0 1250ms=0 1300ms=0 1350ms=0 1400ms=0 1450ms=0 1500ms=0 1550ms=0 1600ms=0 1650ms=0 1700ms=0 1750ms=0 1800ms=0 1850ms=0 1900ms=0 1950ms=0 2000ms=0 2050ms=0 2100ms=0 2150ms=0 2200ms=0 2250ms=0 2300ms=0 2350ms=0 2400ms=0 2450ms=0 2500ms=0 2550ms=0 2600ms=0 2650ms=0 2700ms=0 2750ms=0 2800ms=0 2850ms=0 2900ms=0 2950ms=0 3000ms=0 3050ms=0 3100ms=0 3150ms=0 3200ms=0 3250ms=0 3300ms=0 3350ms=0 3400ms=0 3450ms=0 3500ms=0 3550ms=0 3600ms=0 3650ms=0 3700ms=0 3750ms=0 3800ms=0 3850ms=0 3900ms=0 3950ms=0 4000ms=0 4050ms=0 4100ms=0 4150ms=0 4200ms=0 4250ms=0 4300ms=0 4350ms=0 4400ms=0 4450ms=0 4500ms=0 4550ms=0 4600ms=0 4650ms=0 4700ms=0 4750ms=0 4800ms=0 4850ms=0 4900ms=0 4950ms=0
50th gpu percentile: 15ms
90th gpu percentile: 17ms
95th gpu percentile: 20ms
99th gpu percentile: 4950ms
GPU HISTOGRAM: 1ms=0 2ms=0 3ms=1 4ms=0 5ms=1 6ms=0 7ms=1 8ms=8 9ms=5 10ms=14 11ms=12 12ms=16 13ms=9 14ms=24 15ms=36 16ms=33 17ms=7 18ms=5 19ms=2 20ms=1 21ms=3 22ms=0 23ms=0 24ms=2 25ms=0 4950ms=4



---PROFILEDATA---
Flags,FrameTimelineVsyncId,IntendedVsync,Vsync,InputEventId,HandleInputStart,AnimationStart,PerformTraversalsStart,DrawStart,FrameDeadline,FrameInterval,FrameStartTime,SyncQueued,SyncStart,IssueDrawCommandsStart,SwapBuffers,FrameCompleted,DequeueBufferDuration,QueueBufferDuration,GpuCompleted,SwapBuffersCompleted,DisplayPresentTime,CommandSubmissionCompleted,
0,59027,571115918580,571115918580,0,571116297586,571116298050,571116321315,571116434429,571132585246,571116293357,16666666,571116707029,571116737571,571116830902,571119003530,571128329630,2388,550212,571128264220,571128329630,0,571119003530,
0,59035,571249251908,571249251908,0,571249644887,571249645637,571249686843,571249813900,571265918574,571249640075,16666666,571250066843,571250097956,571250169268,571251037266,571266716497,4066,783039,571266716497,571258001307,0,571251037266,
0,59043,571365918570,571365918570,0,571366633342,571366634095,571366661358,571366796146,571382585236,571366625411,16666666,571367011488,571367042872,571367104353,571369305002,571384350432,2640,282567,571384350432,571378571376,0,571369305002,
0,59051,571515918564,571515918564,0,571516288606,571516289585,571516289790,571516428280,571532585230,571516283290,16666666,571516659671,571516718643,571516809406,571517789412,571532836360,3189,396438,571532836360,571524268703,0,571517789412,
0,59059,571532585230,571532585230,0,571533058760,571533059490,571533080130,571533216705,571565918562,571533054635,16666666,571533587425,571533636293,571533722756,571551107374,571571943216,4835,493585,571571943216,571559991200,0,571551107374,
0,59067,571665918558,571665918558,0,571666280649,571666281494,571666309383,571666466809,571682585224,571666274841,16666666,571666768617,571666798653,571666887849,571669759293,571682797486,2906,168802,571682797486,571675440669,0,571669759293,
0,59075,571782585220,571782585220,0,571782992082,571782992843,571783019379,571783158674,571799251886,571782986866,16666666,571783619467,571783860428,571784049768,571790538216,571799585186,11785,2949519,571799585186,571794617980,0,571790538216,
0,59083,571915918548,571915918548,0,571916272441,571916273162,571916298074,571916443600,571932585214,571916267189,16666666,571916756708,571916788666,571916892722,571918393894,571925842159,4160,621914,571925781206,571925842159,0,571918393894,
0,59091,572015918544,572015918544,0,572016223642,572016224162,572016224415,572016353806,572032585210,572016217816,16666666,572016546434,572016571608,572016634447,572017576007,572032767574,4106,608155,572032767574,572023623002,0,572017576007,
0,59099,572032585210,572032585210,0,572032798901,572032799482,572032806212,572032885306,572065918542,572032797220,16666666,572033066961,572033112077,572033158146,572051271548,572066102935,2585,158337,572066102935,572056389612,0,572051271548,
0,59107,572182585204,572182585204,0,572182987255,572182988158,572183016397,572183162929,572199251870,572182982793,16666666,572183437069,572183463337,572183555298,572185164670,572201529027,2684,336510,572201529027,572195431142,0,572185164670,
0,59115,572315918532,572315918532,0,572316151802,572316152584,572316163622,572316295403,572332585198,572316148079,16666666,572316526506,572316556612,572316635229,572318474429,572332817334,3235,464808,572332817334,572324144240,0,572318474429,
0,59123,572449251860,572449251860,0,572449403092,572449404082,572449411479,572449513858,572465918526,572449400712,16666666,572449709141,572449735325,572449802408,572451029237,572466116461,2769,419841,572466116461,572455741855,0,572451029237,
0,59131,572515918524,572515918524,0,572516338910,572516339532,572516339697,572516454915,572532585190,572516334745,16666666,572516636509,572517332674,572517400208,572519320673,572536417439,9959,4081478,572532759326,572536417439,0,572519320673,
0,59139,572582585188,572582585188,0,572582767331,572582767970,572582775375,572582860504,572599251854,572582765435,16666666,572583031747,572583068259,572583134932,572585687286,572599608787,2517,444506,572599608787,572591503861,0,572585687286,
0,59147,572715918516,572715918516,0,572716141077,572716141703,572716149913,572716239538,572732585182,572716139025,16666666,572716406462,572716424281,572716480605,572717535520,572732810102,1925,236416,572732810102,572724522329,0,572717535520,
0,59155,572849251844,572849251844,0,572849457034,572849458095,572849470245,572849590338,572865918510,572849453872,16666666,572849820075,572849846047,572849901495,572850964741,572866165101,2792,553891,572866165101,572857878726,0,572850964741,
0,59163,572982585172,572982585172,0,572982790114,572982791083,572982828478,572983106871,572999251838,572982786752,16666666,572983349919,572983378091,572983477441,572984571848,573000187751,3212,592319,573000187751,572993202292,0,572984571848,
0,59171,573032585170,573032585170,0,573032877395,573032877889,573032878073,573033027047,573049251836,573032873719,16666666,573033256039,573033286778,573033369897,573036567021,573049553021,20276,564336,573049553021,573043751356,0,573036567021,
0,59179,573115918500,573115918500,0,573116361151,573116361802,573116386961,573116734337,573132585166,573116354708,16666666,573117074608,573117106117,573117190493,573118819928,573133003081,4344,427284,573133003081,573123378158,0,573118819928,
0,59187,573249251828,573249251828,0,573249435156,573249436107,573249449821,573249554654,573265918494,573249431877,16666666,573249792478,573249822709,573249886273,573251739691,573266164264,3574,604072,573266164264,573259154424,0,573251739691,
0,59195,573365918490,573365918490,0,573366817358,573366817831,573366839441,573366964785,573382585156,573366813605,16666666,573367229891,573367256993,573367327488,573368578607,573382894339,2939,342598,573382894339,573374425756,0,573368578607,
0,59203,573499251818,573499251818,0,573499664905,573499665609,573499690347,573499931783,573515918484,573499643381,16666666,573500411121,573500436380,573500532767,573505726641,573516393844,2983,749887,573516393844,573511969707,0,573505726641,
0,59211,573515918484,573515918484,0,573531546625,573531547188,573531547397,573531689888,573549251816,573531543716,16666666,573531950218,573532057069,573532122175,573536941400,573539561096,2347,265830,573539509127,573539561096,0,573536941400,
0,59219,573549251816,573549251816,0,573562631345,573562631744,573562631926,573563179134,573565918482,573562628910,16666666,573563331640,573563476143,573563632714,573568140856,573582784044,2324,329562,573582784044,573572963582,0,573568140856,
0,59227,573665918478,573665918478,0,573666404304,573666404773,573666428904,573666549808,573682585144,573666399957,16666666,573666859922,573666885807,573666950837,573669087342,573676167131,1812,392542,573676122910,573676167131,0,573669087342,
0,59235,573782585140,573782585140,0,573784225202,573784225752,573784249776,573784386617,573799251806,573784220324,16666666,573784697358,573784719987,573784813874,573786335860,573799383707,2222,139998,573799383707,573795330587,0,573786335860,
0,59243,573899251802,573899251802,0,573899568456,573899568974,573899590913,573899721084,573915918468,573899564577,16666666,573900003463,573900066177,573900161797,573901297800,573916154193,2505,268433,573916154193,573908571576,0,573901297800,
0,59251,574032585130,574032585130,0,574032762560,574032763074,574032771727,574032846934,574049251796,574032760500,16666666,574033024930,574033066557,574033122667,574034231832,574049662945,2581,199729,574049662945,574041222095,0,574034231832,
0,59259,574049251796,574049251796,0,574049841189,574049841748,574049841933,574049961030,574082585128,574049835732,16666666,574050222526,574050251640,574050352419,574064213609,574084276396,2003,122273,574084276396,574071305233,0,574064213609,
0,59267,574149251792,574149251792,0,574149425956,574149426366,574149433550,574149514253,574165918458,574149423115,16666666,574149691633,574149708220,574149759461,574150887248,574166055852,2260,335425,574166055852,574156066824,0,574150887248,
0,59303,574282585120,574282585120,0,574283012571,574283013010,574283018096,574283088333,574299251786,574283010160,16666666,574283233434,574283250720,574283308463,574284151123,574293380376,3561,1248181,574293160763,574293380376,0,574284151123,
0,59327,574432585114,574432585114,0,574432707266,574432707696,574432713236,574432776433,574449251780,574432706126,16666666,574432901060,574432920397,574432958216,574435698505,574444822424,1943,637661,574444484890,574444822424,0,574435698505,
0,59350,574549251776,574549251776,0,574549577633,574549578140,574549578289,574549697546,574565918442,574549574470,16666666,574549850586,574549874481,574549929139,574552370003,574566108527,3077,446248,574566108527,574560127563,0,574552370003,
0,59358,574565918442,574565918442,0,574581988332,574581988748,574581997619,574582080103,574599251774,574581985618,16666666,574582254798,574582307814,574582375699,574583520196,574599456279,1908,299287,574599456279,574589382743,0,574583520196,
0,59381,574732585102,574732585102,0,574732899522,574732900126,574732922809,574733153800,574749251768,574732895289,16666666,574733741884,574733782012,574733871432,574734721044,574750159289,2690,248792,574750159289,574739839817,0,574734721044,
0,59389,574749251768,574749251768,0,574750735039,574750735517,574750735678,574750848040,574782585100,574750731242,16666666,574750969399,574750997191,574751097826,574765826294,574776452463,2122,127733,574776411920,574776452463,0,574765826294,
0,59397,574865918430,574865918430,0,574866448410,574866449206,574866471399,574866580982,574882585096,574866443606,16666666,574866938329,574866983874,574867069462,574868888191,574883006346,3442,272347,574883006346,574874722059,0,574868888191,
0,59420,575015918424,575015918424,0,575016136570,575016137122,575016146765,575016248915,575032585090,575016134172,16666666,575016421159,575016504592,575016562341,575017716069,575034559670,3221,118325,575034559670,575026960806,0,575017716069,
0,59428,575049251756,575049251756,0,575049425625,575049426172,575049426344,575049569700,575065918422,575049420870,16666666,575049783259,575049805096,575049879864,575056957832,575066022150,2224,146577,575066022150,575064715444,0,575056957832,
0,59451,575182585084,575182585084,0,575182981738,575182982148,575183004188,575183120842,575199251750,575182976876,16666666,575183360162,575183408586,575183516057,575185213028,575197066614,8752,1078162,575196960267,575197066614,0,575185213028,
0,59474,575332585078,575332585078,0,575332706681,575332707042,575332714189,575332791162,575349251744,575332705272,16666666,575332935922,575332950365,575332992391,575337132000,575349377640,2857,2163139,575349377640,575343602392,0,575337132000,
0,59482,575449251740,575449251740,0,575449388621,575449388996,575449394186,575449468141,575465918406,575449386208,16666666,575449600745,575449616599,575449690024,575454502425,575466070529,3021,575163,575466070529,575460729613,0,575454502425,
0,59505,575549251736,575549251736,0,575552615955,575552616388,575552616565,575552763529,575565918402,575552610225,16666666,575552963328,575553005585,575553083446,575553923355,575566271840,2526,748979,575566271840,575564617831,0,575553923355,
0,59513,575599251734,575599251734,0,575600118645,575600119110,575600138039,575600241681,575615918400,575600114059,16666666,575600464539,575600517647,575600628668,575602390667,575617373309,2127,547161,575617373309,575607753716,0,575602390667,
0,59536,575715918396,575715918396,0,575716496731,575716496900,575716501479,575716600672,575732585062,575716494934,16666666,575716736192,575716756369,575716805478,575738489567,575749361961,1586,192136,575749361961,575746405362,0,575738489567,
0,59544,575865918390,575865918390,0,575866098671,575866099121,575866105529,575866178001,575882585056,575866096206,16666666,575866314006,575866366875,575866436053,575868186083,575882774488,3987,583326,575882774488,575875214114,0,575868186083,
0,59567,575999251718,575999251718,0,576000811277,576000811741,576000839077,576000966582,576015918384,576000805723,16666666,576001230736,576001260387,576001348324,576002514167,576012278455,2304,401297,576012220158,576012278455,0,576002514167,
0,59575,576049251716,576049251716,0,576049418101,576049418544,576049418719,576049521307,576065918382,576049415480,16666666,576049700783,576049719346,576049790605,576052320843,576062674290,2475,338630,576062110089,576062674290,0,576052320843,
0,59598,576149251712,576149251712,0,576149396062,576149396398,576149403550,576149491792,576165918378,576149394234,16666666,576149686942,576149718355,576149781051,576156791007,576166457227,4416,684610,576166372919,576166457227,0,576156791007,
0,59606,576282585040,576282585040,0,576284078134,576284079137,576284104051,576284225319,576299251706,576284073397,16666666,576284528879,576284549948,576284672724,576286400375,576299448029,2475,398166,576299448029,576292915847,0,576286400375,
0,59629,576432585034,576432585034,0,576432757346,576432758007,576432768607,576432877977,576449251700,576432750110,16666666,576433084620,576433119654,576433191016,576439056954,0,8279,23047727,0,576467418220,0,576439056954,
0,59652,576549251696,576549251696,0,576549555770,576549556207,576549556399,576549711887,576565918362,576549550082,16666666,576549914024,576549936930,576550042807,576551411431,576566071350,3380,563100,576566071350,576561889272,0,576551411431,
0,59660,576565918362,576565918362,0,576566154660,576566155126,576566167554,576566251507,576599251694,576566152987,16666666,576566460677,576580810013,576580881230,576582852042,576590282452,1814,419483,576590204748,576590282452,0,576582852042,
0,59675,576699251690,576699251690,0,576699616534,576699616773,576699642096,576699737849,576715918356,576699614290,16666666,576699918493,576700134278,576700191605,576700934481,576716736080,2619,253845,576716736080,576707343963,0,576700934481,
0,59690,576832585018,576832585018,0,576833113873,576833114815,576833126997,576833237683,576849251684,576833111490,16666666,576833444581,576836169996,576836341679,576838417111,576849816343,2734,141004,576849816343,576845699806,0,576838417111,
0,59713,576965918346,576965918346,0,576966454513,576966454893,576966474623,576966597963,576982585012,576966451155,16666666,576966918291,576967192493,576968273620,576973911660,576983891043,2369,566088,576983891043,576980162391,0,576973911660,
0,59721,577049251676,577049251676,0,577049924368,577049924912,577049925150,577050065650,577065918342,577049918984,16666666,577050275721,577050303572,577050377552,577052319263,577070057241,3839,2349545,577070057241,577058723999,0,577052319263,
0,59744,577115918340,577115918340,0,577116377483,577116377911,577116387437,577116500393,577132585006,577116375752,16666666,577116805406,577130418466,577130510623,577132938626,577149963999,5443,227907,577149963999,577139342096,0,577132938626,
0,59752,577249251668,577249251668,0,577249862652,577249863209,577249889183,577250022655,577265918334,577249857676,16666666,577250296716,577250320835,577250404561,577252092709,577266667554,2262,412308,577266667554,577261799779,0,577252092709,
0,59775,577382584996,577382584996,0,577382910206,577382910581,577382918943,577383012836,577399251662,577382908988,16666666,577383176936,577383191182,577383262725,577384977729,577399548256,2570,447234,577399548256,577390351497,0,577384977729,
0,59798,577515918324,577515918324,0,577516161178,577516161626,577516170772,577516491681,577532584990,577516158727,16666666,577516870976,577516896034,577516997561,577534759738,577550196476,2980,183454,577550196476,577540500326,0,577534759738,
0,59806,577549251656,577549251656,0,577550358776,577550359275,577550359445,577550482779,577582584988,577550353937,16666666,577550786643,577550815055,577552385374,577564725899,577584119446,2070,136027,577584119446,577567876195,0,577564725899,
0,59814,577665918318,577665918318,0,577667321504,577667322045,577667345288,577667483345,577682584984,577667315785,16666666,577667820800,577667848194,577667943979,577668991273,577682795309,4409,560051,577682795309,577676518535,0,577668991273,
0,59837,577799251646,577799251646,0,577799658873,577799659426,577799683185,577799828845,577815918312,577799654295,16666666,577800198782,577800229127,577800326470,577802049432,577816803568,4250,787508,577816803568,577809539361,0,577802049432,
0,59860,577949251640,577949251640,0,577949919983,577949920502,577949942252,577950161632,577965918306,577949915061,16666666,577950548861,577950560757,577951073835,577952919408,577966124205,2722,462387,577966124205,577958466149,0,577952919408,
0,59868,577965918306,577965918306,0,577966313593,577966314108,577966314272,577966442971,577999251638,577966309856,16666666,577966553499,577986439725,577986562312,577988843075,577999450487,2003,232860,577999450487,577994122072,0,577988843075,
0,59876,578065918302,578065918302,0,578066558162,578066558817,578066559068,578066702329,578082584968,578066552524,16666666,578066909713,578066934945,578067002024,578068203336,578084966467,2584,312950,578084878116,578084966467,0,578068203336,
0,59883,578082584968,578082584968,0,578083980754,578083981222,578084003548,578084144553,578099251634,578083977057,16666666,578084420921,578085149152,578085405993,578086898207,565799433329,39972601,219073,565799433329,578134941326,0,578086898207,
0,59907,578232584962,578232584962,0,578234039941,578234040715,578234075985,578234250934,578249251628,578234032059,16666666,578234570792,578234862615,578234926096,578237200425,578249693708,2806,398768,578249693708,578244293118,0,578237200425,
0,59930,578365918290,578365918290,0,578366063634,578366064295,578366074958,578366179781,578382584956,578366061733,16666666,578366384441,578366403378,578366474955,578369347831,578382900291,3496,411814,578382900291,578377257700,0,578369347831,
0,59945,578499251618,578499251618,0,578499461154,578499462144,578499473285,578499576997,578515918284,578499458415,16666666,578499807093,578500090179,578500187684,578501881585,578512749715,9239,5030294,578512652101,578512749715,0,578501881585,
0,59961,578565918282,578565918282,0,578566461281,578566461728,578566461952,578566599359,578582584948,578566456138,16666666,578566838791,578567540032,578569589051,578574998156,578582732698,3424,346114,578582732698,578581188989,0,578574998156,
0,59969,578649251612,578649251612,0,578649985057,578649985711,578650013474,578650151861,578665918278,578649979958,16666666,578650474741,578650720874,578650904940,578652420728,578663722224,4022,1117844,578663634598,578663722224,0,578652420728,
0,59992,578782584940,578782584940,0,578782979831,578782980278,578783004617,578783135201,578799251606,578782975054,16666666,578783443920,578783471927,578783571622,578785355297,578799615557,2552,286567,578799615557,578792821949,0,578785355297,
0,60007,578899251602,578899251602,0,578900048444,578900048897,578900060301,578900196316,578915918268,578900046407,16666666,578900423931,578900446535,578900523086,578902050496,578916155504,3451,292974,578916155504,578910187719,0,578902050496,
0,60023,579049251596,579049251596,0,579049423761,579049424334,579049436047,579049537147,579065918262,579049421385,16666666,579049762696,579049782307,579049856844,579051334530,579060102650,2744,302523,579060004465,579060102650,0,579051334530,
0,60031,579065918262,579065918262,0,579066593516,579066594054,579066594220,579066764479,579082584928,579066588604,16666666,579066952594,579066977919,579067042264,579084414748,579099711779,2092,211754,579099711779,579095520124,0,579084414748,
0,60054,579199251590,579199251590,0,579199427996,579199428518,579199435996,579199527004,579215918256,579199426364,16666666,579199721228,579199763221,579199816939,579200845289,579216322237,2389,458919,579216322237,579207115124,0,579200845289,
0,60077,579349251584,579349251584,0,579349717315,579349717873,579349744437,579349897429,579365918250,579349711323,16666666,579350284437,579350504237,579350586047,579355882879,579366873994,2718,468895,579366873994,579357781003,0,579355882879,
0,60085,579465918246,579465918246,0,579466297137,579466297951,579466321766,579466554497,579482584912,579466291519,16666666,579467147592,579467164235,579467253738,579471690134,579482991849,3036,789587,579482991849,579477159067,0,579471690134,
0,60093,579482584912,579482584912,0,579495395805,579495396417,579495396564,579495686452,579515918244,579495391841,16666666,579496056029,579496838314,579496887925,579499405768,579516334461,2428,169006,579516334461,579504083277,0,579499405768,
0,60115,579565918242,579565918242,0,579566082897,579566083527,579566083746,579566171068,579582584908,579566080970,16666666,579566347105,579566363941,579566419335,579568249936,579582792547,2132,121239,579582792547,579581432804,0,579568249936,
0,60123,579615918240,579615918240,0,579616126248,579616126715,579616135935,579616223478,579632584906,579616124683,16666666,579616532540,579616545199,579616621123,579619116971,579632749056,2156,418359,579632749056,579627217012,0,579619116971,
0,60146,579749251568,579749251568,0,579750282437,579750282890,579750319551,579750463959,579765918234,579750277145,16666666,579750760683,579750795047,579750886935,579751973755,579766982260,2186,163570,579766982260,579759112840,0,579751973755,
0,60161,579899251562,579899251562,0,579900136440,579900137167,579900163191,579900308109,579915918228,579900130594,16666666,579900588926,579904832061,579905011373,579906970859,579933034229,3684,259050,579933034229,579916191053,0,579906970859,
0,60176,580032584890,580032584890,0,580032849542,580032850101,580032869087,580032984973,580049251556,580032845659,16666666,580033230584,580033253164,580033337117,580034608039,580049444143,3289,178583,580049444143,580040133869,0,580034608039,
0,60184,580065918222,580065918222,0,580066062169,580066062623,580066062809,580066170861,580082584888,580066057849,16666666,580066354584,580066374849,580069582253,580070784481,580083244669,2013,1192712,580083244669,580077765177,0,580070784481,
0,60207,580199251550,580199251550,0,580199731392,580199731789,580199752406,580199866072,580215918216,580199728009,16666666,580200130109,580200202545,580200844049,580210073786,580217469621,4058,341656,580217365621,580217469621,0,580210073786,
0,60230,580332584878,580332584878,0,580334368859,580334369257,580334389822,580334526373,580349251544,580334364493,16666666,580334793616,580334817202,580334902073,580349091751,580366133256,3747,243979,580366133256,580352717099,0,580349091751,
0,60238,580465918206,580465918206,0,580467005752,580467006544,580467026559,580467143341,580482584872,580467002426,16666666,580467387952,580467414471,580467486542,580468761999,580483637183,10202,2038019,580483637183,580479032266,0,580468761999,
0,60261,580565918202,580565918202,0,580566476926,580566477726,580566477957,580566642349,580582584868,580566473388,16666666,580566879426,580568666367,580568761352,580572283559,580583413165,3729,451867,580583413165,580578418099,0,580572283559,
0,60269,580615918200,580615918200,0,580616092397,580616093149,580616101274,580616193929,580632584866,580616089906,16666666,580616372716,580616386841,580616478779,580618250425,580632736111,2348,91391,580632736111,580625099365,0,580618250425,
0,60292,580732584862,580732584862,0,580732802528,580732802912,580732809662,580732887096,580749251528,580732800111,16666666,580738440332,580738493595,580738660021,580752376433,580766233395,2116,250756,580766233395,580758414662,0,580752376433,
0,60300,580865918190,580865918190,0,580866093038,580866093625,580866098238,580866193052,580882584856,580866090152,16666666,580866347604,580866402553,580866464000,580867669930,580883027409,4293,263915,580883027409,580879162368,0,580867669930,
0,60323,581015918184,581015918184,0,581016111609,581016112336,581016120200,581016225072,581032584850,581016110156,16666666,581016390251,581016412058,581016479697,581017549642,581036038196,2465,139743,581036038196,581029538564,0,581017549642,
0,60331,581065918182,581065918182,0,581066477840,581066478687,581066478888,581066843521,581082584848,581066473715,16666666,581067133998,581067199696,581067286899,581072830646,581082782758,3617,4172850,581082782758,581079178271,0,581072830646,
0,60354,581182584844,581182584844,0,581183372771,581183373328,581183402962,581183550015,581199251510,581183368598,16666666,581183886158,581184053394,581184153081,581186064970,581200160838,3837,495607,581200160838,581192419568,0,581186064970,
0,60362,581299251506,581299251506,0,581299419466,581299420274,581299429661,581299525991,581315918172,581299416230,16666666,581299736727,581299783271,581299865445,581301155680,581316534731,2075,281419,581316534731,581309939858,0,581301155680,
0,60385,581432584834,581432584834,0,581432715830,581432716345,581432723332,581432823553,581449251500,581432712498,16666666,581433001096,581433018583,581433085503,581434457494,581445631136,2449,506194,581445544458,581445631136,0,581434457494,
0,60408,581565918162,581565918162,0,581566563944,581566564475,581566564682,581566732466,581582584828,581566559407,16666666,581566966786,581566998212,581567192500,581570188900,581583376963,2825,142218,581583376963,581578071214,0,581570188900,
0,60416,581582584828,581599251494,0,581603032265,581603032861,581603053141,581603236863,581615918160,581603028936,16666666,581603560808,581603599517,581603679711,581605110351,581616159705,2625,206748,581616159705,581611453951,0,581605110351,
0,60431,581715918156,581715918156,0,581717061253,581717062040,581717093762,581717314237,581732584822,581717055641,16666666,581720459114,581720489817,581720595237,581725611920,581749515520,3106,524612,581749515520,581737293449,0,581725611920,
0,60446,581849251484,581849251484,0,581849833276,581849834035,581849857875,581849998915,581865918150,581849827624,16666666,581850332320,581850361270,581850441664,581852978807,581866120759,5018,724903,581866120759,581862170714,0,581852978807,
0,60469,581982584812,581982584812,0,581982925754,581982926664,581982954704,581983509726,581999251478,581982920615,16666666,581983891647,581983954015,581984068934,581986646497,581999818889,3035,462813,581999818889,581993785238,0,581986646497,
0,60477,582065918142,582065918142,0,582066148365,582066149269,582066149409,582066306530,582082584808,582066144291,16666666,582066535359,582066561400,582066688868,582068136059,582099477369,3114,479971,582099477369,582085899417,0,582068136059,
0,60492,582115918140,582115918140,0,582116430803,582116431553,582116439256,582116545044,582132584806,582116425062,16666666,582116747635,582117095736,582117170310,582119277174,582132813896,3856,216181,582132813896,582124811127,0,582119277174,
0,60507,582249251468,582249251468,0,582250223373,582250224360,582250255034,582250418129,582265918134,582250217747,16666666,582250788986,582250827528,582250920636,582254394527,582266128694,3137,628622,582266128694,582260439293,0,582254394527,
0,60530,582382584796,582382584796,0,582383000866,582383001487,582383011433,582383119547,582399251462,582382997059,16666666,582383313137,582383335856,582383397000,582385798550,582394760383,2765,564433,582394688446,582394760383,0,582385798550,
0,60545,582515918124,582515918124,0,582516107393,582516107901,582516114974,582516218392,582532584790,582516103887,16666666,582516401823,582516688266,582516930603,582525440303,582529787692,3359,503579,582529724779,582529787692,0,582525440303,
0,60562,582565918122,582565918122,0,582581561395,582581562053,582581562243,582581865211,582582584788,582581558462,16666666,582582041936,582582055148,582582152641,582583632005,582600833013,2632,369008,582600833013,582588906202,0,582583632005,
0,60570,582665918118,582665918118,0,582666136894,582666137442,582666146023,582666256033,582682584784,582666133920,16666666,582666445519,582666471767,582666546362,582669915418,582684377692,2400,457646,582684377692,582677012153,0,582669915418,
0,60593,582799251446,582799251446,0,582799409053,582799409413,582799414826,582799493587,582815918112,582799406709,16666666,582799661617,582799696866,582799754616,582800997617,582816548424,2360,236558,582816548424,582813781940,0,582800997617,
0,60616,582932584774,582932584774,0,582932795654,582932796116,582932803946,582932900669,582949251440,582932793904,16666666,582933139712,582949773749,582949934658,582951703758,582966449750,2100,117113,582966449750,582955608549,0,582951703758,
0,60624,583065918102,583065918102,0,583066145324,583066146207,583066156772,583066265399,583082584768,583066140966,16666666,583066478270,583066510006,583066586021,583068885896,583080612334,2531,665548,583080520054,583080612334,0,583068885896,
0,60632,583082584768,583099251434,0,583099878274,583099878668,583099878856,583100083878,583099251434,583099875035,16666666,583100222728,583102436325,583102614452,583104240768,583115589216,2214,144725,583115524129,583115589216,0,583104240768,
0,60655,583199251430,583199251430,0,583199406223,583199406710,583199412691,583199465612,583215918096,583199404466,16666666,583199618750,583200070636,583204044325,583204912273,583216213295,1896,131982,583216213295,583213906650,0,583204912273,
0,60663,583215918096,583215918096,0,583220597709,583220598137,583220639015,583221770498,583249251428,583220594992,16666666,583222550470,583222630189,583222749202,583230740599,583249415167,802546,1053950,583249415167,583239071992,0,583230740599,
0,60670,583232584762,583232584762,0,583235861286,583235861658,583235861890,583235924440,583282584760,583235860259,16666666,583236057473,583239090019,583239201252,583241292122,583267127279,9581589,189403,583267127279,583260329262,0,583241292122,
0,60701,583582584748,583582584748,0,583583151892,583583152915,583583153173,583583228542,583599251414,583583148477,16666666,583583392448,583583469237,583583520844,583584527664,583593537689,7519,1014052,583593434887,583593537689,0,583584527664,
---PROFILEDATA---


View hierarchy:

  com.ggufchat.app/com.ggufchat.app.MainActivity/android.view.ViewRootImpl@9286d6c
  28 views, 47.80 kB of render nodes

  com.ggufchat.app/com.ggufchat.app.ChatActivity/android.view.ViewRootImpl@515af35
  41 views, 78.30 kB of render nodes


Total ViewRootImpl   : 2
Total attached Views : 69
Total RenderNode     : 126.10 kB (used) / 260.55 kB (capacity)