Applications Graphics Acceleration Info:
Uptime: 510509 Realtime: 510509

** Graphics info for pid 9676 [com.ggufchat.app] **

Stats since: 480637063466ns
Total frames rendered: 301
Janky frames: 207 (68.77%)
Janky frames (legacy): 162 (53.82%)
50th percentile: 26ms
90th percentile: 48ms
95th percentile: 57ms
99th percentile: 65ms
Number Missed Vsync: 35
Number High input latency: 136
Number Slow UI thread: 36
Number Slow bitmap uploads: 1
Number Slow issue draw commands: 200
Number Frame deadline missed: 207
Number Frame deadline missed (legacy): 103
HISTOGRAM: 5ms=0 6ms=0 7ms=1 8ms=0 9ms=2 10ms=6 11ms=5 12ms=3 13ms=3 14ms=2 15ms=2 16ms=63 17ms=29 18ms=8 19ms=7 20ms=3 21ms=2 22ms=6 23ms=4 24ms=3 25ms=1 26ms=5 27ms=5 28ms=5 29ms=5 30ms=1 31ms=3 32ms=28 34ms=11 36ms=7 38ms=4 40ms=11 42ms=12 44ms=11 46ms=5 48ms=13 53ms=5 57ms=11 61ms=5 65ms=2 69ms=0 73ms=0 77ms=1 81ms=0 85ms=1 89ms=0 93ms=0 97ms=0 101ms=0 105ms=0 109ms=0 113ms=0 117ms=0 121ms=0 125ms=0 129ms=0 133ms=0 150ms=0 200ms=0 250ms=0 300ms=0 350ms=0 400ms=0 450ms=0 500ms=0 550ms=0 600ms=0 650ms=0 700ms=0 750ms=0 800ms=0 850ms=0 900ms=0 950ms=0 1000ms=0 1050ms=0 1100ms=0 1150ms=0 1200ms=0 1250ms=0 1300ms=0 1350ms=0 1400ms=0 1450ms=0 1500ms=0 1550ms=0 1600ms=0 1650ms=0 1700ms=0 1750ms=0 1800ms=0 1850ms=0 1900ms=0 1950ms=0 2000ms=0 2050ms=0 2100ms=0 2150ms=0 2200ms=0 2250ms=0 2300ms=0 2350ms=0 2400ms=0 2450ms=0 2500ms=0 2550ms=0 2600ms=0 2650ms=0 2700ms=0 2750ms=0 2800ms=0 2850ms=0 2900ms=0 2950ms=0 3000ms=0 3050ms=0 3100ms=0 3150ms=0 3200ms=0 3250ms=0 3300ms=0 3350ms=0 3400ms=0 3450ms=0 3500ms=0 3550ms=0 3600ms=0 3650ms=0 3700ms=0 3750ms=0 3800ms=0 3850ms=0 3900ms=0 3950ms=0 4000ms=0 4050ms=0 4100ms=0 4150ms=0 4200ms=0 4250ms=0 4300ms=0 4350ms=0 4400ms=0 4450ms=0 4500ms=0 4550ms=0 4600ms=0 4650ms=0 4700ms=0 4750ms=0 4800ms=0 4850ms=0 4900ms=0 4950ms=0
50th gpu percentile: 15ms
90th gpu percentile: 4950ms
95th gpu percentile: 4950ms
99th gpu percentile: 4950ms
GPU HISTOGRAM: 1ms=0 2ms=0 3ms=0 4ms=1 5ms=1 6ms=9 7ms=6 8ms=14 9ms=11 10ms=13 11ms=14 12ms=10 13ms=18 14ms=30 15ms=34 16ms=40 17ms=11 18ms=4 19ms=10 20ms=5 21ms=4 22ms=7 23ms=4 24ms=4 25ms=4 4950ms=47

Pipeline=Skia (OpenGL)
Memory policy:
  Max surface area: 2073600
  Max resource usage: 99.53MB (x48)
  Background retention: 50% (altUiHidden = true)
  GPU Context timeout: 10
Contexts: 2 (stopped = 1)
CPU Caches:
  Glyph Cache: 68.89 KB (1 entry)
  Glyph Count: 22 
Total CPU memory usage:
  70540 bytes, 68.89 KB (0.00 bytes is purgeable)
GPU Caches:
  Other:
    Other: 13.67 KB (1 entry)
    Buffer Object: 464.00 bytes (2 entries)
    StencilAttachment: 36.00 KB (3 entries)
  Scratch:
    RenderTarget: 36.00 KB (2 entries)
    Texture: 2.00 MB (2 entries)
    Buffer Object: 144.00 KB (4 entries)
Total GPU memory usage:
  2332928 bytes, 2.22 MB (136.45 KB is purgeable)

GraphicBufferAllocator buffers:
        Handle |        Size |     W (Stride) x H | Layers |   Format |      Usage | Requestor
0x748646907820 |     unknown |  720 (   0) x 1280 |      1 |        1 | 0x     b00 | VRI[ChatActivity]#1(BLAST Consumer)1
0x748646909b00 |     unknown |  720 (   0) x 1280 |      1 |        1 | 0x     b00 | VRI[ChatActivity]#1(BLAST Consumer)1
0x74864690b840 |     unknown |  720 (   0) x 1280 |      1 |        1 | 0x     b00 | VRI[ChatActivity]#1(BLAST Consumer)1
Total allocated by GraphicBufferAllocator (estimate): 0.00 KB
GoldfishAllocator::dumpDebugInfo is not implemented
Profile data in ms:

	com.ggufchat.app/com.ggufchat.app.MainActivity/android.view.ViewRootImpl@5898d1b (visibility=8)
Window: com.ggufchat.app/com.ggufchat.app.MainActivity
Stats since: 480636776356ns
Total frames rendered: 0
Janky frames: 0 (0.00%)
Janky frames (legacy): 0 (0.00%)
50th percentile: 4950ms
90th percentile: 4950ms
95th percentile: 4950ms
99th percentile: 4950ms
Number Missed Vsync: 0
Number High input latency: 0
Number Slow UI thread: 0
Number Slow bitmap uploads: 0
Number Slow issue draw commands: 0
Number Frame deadline missed: 0
Number Frame deadline missed (legacy): 0
HISTOGRAM: 5ms=0 6ms=0 7ms=0 8ms=0 9ms=0 10ms=0 11ms=0 12ms=0 13ms=0 14ms=0 15ms=0 16ms=0 17ms=0 18ms=0 19ms=0 20ms=0 21ms=0 22ms=0 23ms=0 24ms=0 25ms=0 26ms=0 27ms=0 28ms=0 29ms=0 30ms=0 31ms=0 32ms=0 34ms=0 36ms=0 38ms=0 40ms=0 42ms=0 44ms=0 46ms=0 48ms=0 53ms=0 57ms=0 61ms=0 65ms=0 69ms=0 73ms=0 77ms=0 81ms=0 85ms=0 89ms=0 93ms=0 97ms=0 101ms=0 105ms=0 109ms=0 113ms=0 117ms=0 121ms=0 125ms=0 129ms=0 133ms=0 150ms=0 200ms=0 250ms=0 300ms=0 350ms=0 400ms=0 450ms=0 500ms=0 550ms=0 600ms=0 650ms=0 700ms=0 750ms=0 800ms=0 850ms=0 900ms=0 950ms=0 1000ms=0 1050ms=0 1100ms=0 1150ms=0 1200ms=0 1250ms=0 1300ms=0 1350ms=0 1400ms=0 1450ms=0 1500ms=0 1550ms=0 1600ms=0 1650ms=0 1700ms=0 1750ms=0 1800ms=0 1850ms=0 1900ms=0 1950ms=0 2000ms=0 2050ms=0 2100ms=0 2150ms=0 2200ms=0 2250ms=0 2300ms=0 2350ms=0 2400ms=0 2450ms=0 2500ms=0 2550ms=0 2600ms=0 2650ms=0 2700ms=0 2750ms=0 2800ms=0 2850ms=0 2900ms=0 2950ms=0 3000ms=0 3050ms=0 3100ms=0 3150ms=0 3200ms=0 3250ms=0 3300ms=0 3350ms=0 3400ms=0 3450ms=0 3500ms=0 3550ms=0 3600ms=0 3650ms=0 3700ms=0 3750ms=0 3800ms=0 3850ms=0 3900ms=0 3950ms=0 4000ms=0 4050ms=0 4100ms=0 4150ms=0 4200ms=0 4250ms=0 4300ms=0 4350ms=0 4400ms=0 4450ms=0 4500ms=0 4550ms=0 4600ms=0 4650ms=0 4700ms=0 4750ms=0 4800ms=0 4850ms=0 4900ms=0 4950ms=0
50th gpu percentile: 4950ms
90th gpu percentile: 4950ms
95th gpu percentile: 4950ms
99th gpu percentile: 4950ms
GPU HISTOGRAM: 1ms=0 2ms=0 3ms=0 4ms=0 5ms=0 6ms=0 7ms=0 8ms=0 9ms=0 10ms=0 11ms=0 12ms=0 13ms=0 14ms=0 15ms=0 16ms=0 17ms=0 18ms=0 19ms=0 20ms=0 21ms=0 22ms=0 23ms=0 24ms=0 25ms=0 4950ms=0



---PROFILEDATA---
Flags,FrameTimelineVsyncId,IntendedVsync,Vsync,InputEventId,HandleInputStart,AnimationStart,PerformTraversalsStart,DrawStart,FrameDeadline,FrameInterval,FrameStartTime,SyncQueued,SyncStart,IssueDrawCommandsStart,SwapBuffers,FrameCompleted,DequeueBufferDuration,QueueBufferDuration,GpuCompleted,SwapBuffersCompleted,DisplayPresentTime,CommandSubmissionCompleted,
---PROFILEDATA---


	com.ggufchat.app/com.ggufchat.app.ChatActivity/android.view.ViewRootImpl@2717eb8 (visibility=0)
Window: com.ggufchat.app/com.ggufchat.app.ChatActivity
Stats since: 480637062958ns
Total frames rendered: 301
Janky frames: 207 (68.77%)
Janky frames (legacy): 162 (53.82%)
50th percentile: 26ms
90th percentile: 48ms
95th percentile: 57ms
99th percentile: 65ms
Number Missed Vsync: 35
Number High input latency: 136
Number Slow UI thread: 36
Number Slow bitmap uploads: 1
Number Slow issue draw commands: 200
Number Frame deadline missed: 207
Number Frame deadline missed (legacy): 103
HISTOGRAM: 5ms=0 6ms=0 7ms=1 8ms=0 9ms=2 10ms=6 11ms=5 12ms=3 13ms=3 14ms=2 15ms=2 16ms=63 17ms=29 18ms=8 19ms=7 20ms=3 21ms=2 22ms=6 23ms=4 24ms=3 25ms=1 26ms=5 27ms=5 28ms=5 29ms=5 30ms=1 31ms=3 32ms=28 34ms=11 36ms=7 38ms=4 40ms=11 42ms=12 44ms=11 46ms=5 48ms=13 53ms=5 57ms=11 61ms=5 65ms=2 69ms=0 73ms=0 77ms=1 81ms=0 85ms=1 89ms=0 93ms=0 97ms=0 101ms=0 105ms=0 109ms=0 113ms=0 117ms=0 121ms=0 125ms=0 129ms=0 133ms=0 150ms=0 200ms=0 250ms=0 300ms=0 350ms=0 400ms=0 450ms=0 500ms=0 550ms=0 600ms=0 650ms=0 700ms=0 750ms=0 800ms=0 850ms=0 900ms=0 950ms=0 1000ms=0 1050ms=0 1100ms=0 1150ms=0 1200ms=0 1250ms=0 1300ms=0 1350ms=0 1400ms=0 1450ms=0 1500ms=0 1550ms=0 1600ms=0 1650ms=0 1700ms=0 1750ms=0 1800ms=0 1850ms=0 1900ms=0 1950ms=0 2000ms=0 2050ms=0 2100ms=0 2150ms=0 2200ms=0 2250ms=0 2300ms=0 2350ms=0 2400ms=0 2450ms=0 2500ms=0 2550ms=0 2600ms=0 2650ms=0 2700ms=0 2750ms=0 2800ms=0 2850ms=0 2900ms=0 2950ms=0 3000ms=0 3050ms=0 3100ms=0 3150ms=0 3200ms=0 3250ms=0 3300ms=0 3350ms=0 3400ms=0 3450ms=0 3500ms=0 3550ms=0 3600ms=0 3650ms=0 3700ms=0 3750ms=0 3800ms=0 3850ms=0 3900ms=0 3950ms=0 4000ms=0 4050ms=0 4100ms=0 4150ms=0 4200ms=0 4250ms=0 4300ms=0 4350ms=0 4400ms=0 4450ms=0 4500ms=0 4550ms=0 4600ms=0 4650ms=0 4700ms=0 4750ms=0 4800ms=0 4850ms=0 4900ms=0 4950ms=0
50th gpu percentile: 15ms
90th gpu percentile: 4950ms
95th gpu percentile: 4950ms
99th gpu percentile: 4950ms
GPU HISTOGRAM: 1ms=0 2ms=0 3ms=0 4ms=1 5ms=1 6ms=9 7ms=6 8ms=14 9ms=11 10ms=13 11ms=14 12ms=10 13ms=18 14ms=30 15ms=34 16ms=40 17ms=11 18ms=4 19ms=10 20ms=5 21ms=4 22ms=7 23ms=4 24ms=4 25ms=4 4950ms=47



---PROFILEDATA---
Flags,FrameTimelineVsyncId,IntendedVsync,Vsync,InputEventId,HandleInputStart,AnimationStart,PerformTraversalsStart,DrawStart,FrameDeadline,FrameInterval,FrameStartTime,SyncQueued,SyncStart,IssueDrawCommandsStart,SwapBuffers,FrameCompleted,DequeueBufferDuration,QueueBufferDuration,GpuCompleted,SwapBuffersCompleted,DisplayPresentTime,CommandSubmissionCompleted,
0,51190,497682588184,497682588184,0,497683005582,497683005962,497683006136,497683138934,497699254850,497683002225,16666666,497683588110,497685485316,497685594810,497693099829,497700660514,3022,840406,497700660514,497696144071,0,497693099829,
0,51198,497815921512,497815921512,0,497816276291,497816276823,497816277025,497816425149,497832588178,497816272038,16666666,497816657935,497816693696,497816783775,497818122969,497832938115,2562,571674,497832938115,497825523528,0,497818122969,
0,51249,497949254840,497949254840,0,497949403732,497949404082,497949404293,497949467365,497965921506,497949401682,16666666,497949613892,497950780150,497950835469,497955174151,497966096039,2347,181261,497966096039,497959707769,0,497955174151,
0,51279,498099254834,498099254834,0,498099565090,498099565472,498099565641,498099702171,498115921500,498099562174,16666666,498099938959,498099970865,498100115768,498102832846,498116387349,2872,308259,498116387349,498107784090,0,498102832846,
0,51287,498115921500,498115921500,0,498124107582,498124107981,498124108181,498124194065,498149254832,498124105911,16666666,498127056344,498129964688,498130122755,498133771196,498143008641,3741,490665,498142937525,498143008641,0,498133771196,
0,51295,498232588162,498232588162,0,498232773492,498232774027,498232774225,498232869079,498249254828,498232770962,16666666,498233033041,498233088842,498233151147,498235512846,498249542007,2262,305307,498249542007,498240154440,0,498235512846,
0,51318,498365921490,498365921490,0,498366061393,498366061839,498366062030,498366255158,498382588156,498366057777,16666666,498366462439,498366482150,498366646966,498368535570,498382792594,2514,517402,498382792594,498373853264,0,498368535570,
0,51341,498499254818,498499254818,0,498499449585,498499449995,498499450207,498499563370,498515921484,498499446351,16666666,498499901380,498500470433,498500537018,498502379195,498516118292,3441,459528,498516118292,498511632548,0,498502379195,
0,51349,498615921480,498615921480,0,498616194557,498616194981,498616195168,498616316561,498632588146,498616190768,16666666,498616521821,498616544378,498616594381,498627793677,498635373722,2690,372283,498635373722,498632385921,0,498627793677,
0,51357,498632588146,498632588146,0,498632815817,498632816201,498632816349,498632922131,498665921478,498632813807,16666666,498633096264,498633265067,498633351041,498652653831,498666023999,2496,173748,498666023999,498660651924,0,498652653831,
0,51380,498799254806,498799254806,0,498799620571,498799621141,498799621281,498800176123,498815921472,498799617657,16666666,498800382000,498800411809,498800482253,498801298831,498816702540,4621,483892,498816702540,498807019938,0,498801298831,
0,51403,498932588134,498932588134,0,498932789486,498932790206,498932790425,498932913374,498949254800,498932784667,16666666,498933117532,498933143076,498933224744,498936476974,498950254021,3067,512861,498950254021,498943189956,0,498936476974,
0,51439,499049254796,499049254796,0,499049891723,499049892153,499049892354,499050080024,499065921462,499049885334,16666666,499050447329,499052070204,499052178013,499053517251,499070171466,16218,3194248,499069101031,499070171466,0,499053517251,
0,51461,499115921460,499115921460,0,499116161630,499116162048,499116162247,499116301275,499132588126,499116157098,16666666,499116565477,499116587181,499116668255,499119241446,499132799765,3826,213317,499132799765,499125010485,0,499119241446,
0,51469,499199254790,499199254790,0,499199429127,499199429814,499199429990,499199548625,499215921456,499199424375,16666666,499199784274,499199803366,499199944921,499201962347,499217132180,2995,632132,499217132180,499208210113,0,499201962347,
0,51492,499332588118,499332588118,0,499332948124,499332948834,499332949052,499333138425,499349254784,499332941913,16666666,499333492186,499333529075,499333719637,499335126836,499349670954,2927,443570,499349670954,499340838747,0,499335126836,
0,51500,499449254780,499449254780,0,499450155985,499450156536,499450156742,499450412059,499465921446,499450150043,16666666,499450856008,499450934633,499451060796,499452718184,499466295053,4459,221398,499466295053,499458188643,0,499452718184,
0,51523,499582588108,499582588108,0,499582761001,499582761570,499582761785,499582877989,499599254774,499582757189,16666666,499583072363,499583094741,499583164335,499584877363,499600249215,2426,464143,499600249215,499590406223,0,499584877363,
0,51531,499632588106,499632588106,0,499632751933,499632752582,499632752773,499632892847,499649254772,499632748428,16666666,499633124459,499633140058,499633221235,499634092517,499649376860,2418,195053,499649376860,499643290739,0,499634092517,
0,51554,499749254768,499749254768,0,499749416768,499749417449,499749417656,499749518989,499765921434,499749413755,16666666,499749674389,499749712996,499749783445,499751820803,499766115038,4002,425304,499766115038,499757448908,0,499751820803,
0,51562,499865921430,499865921430,0,499866146273,499866146870,499866147081,499866286754,499882588096,499866141244,16666666,499866599784,499866644641,499867696535,499869891700,499882778463,5053,213917,499882778463,499876557089,0,499869891700,
0,51585,500015921424,500015921424,0,500016828688,500016829086,500016829294,500016984019,500032588090,500016823179,16666666,500017261816,500017343938,500017435939,500019830821,500026998636,3441,269128,500026939647,500026998636,0,500019830821,
0,51615,500132588086,500132588086,0,500132773849,500132774037,500132774224,500132865479,500149254752,500132771880,16666666,500133039360,500133086115,500133161686,500135168854,500149873370,2574,1456183,500149873370,500140887189,0,500135168854,
0,51630,500149254752,500149254752,0,500149968069,500149968460,500149968633,500150091720,500182588084,500149966781,16666666,500151823737,500167253318,500167436983,500170870564,500184845604,2063,184057,500184845604,500175809965,0,500170870564,
0,51637,500165921418,500165921418,0,500170965923,500170966175,500170966343,500171130475,500215921416,500170965042,16666666,500171204251,500175839723,500175889275,500178624787,500199535470,1713,140158,500199497139,500199535470,0,500178624787,
0,51668,500299254746,500299254746,0,500299665526,500299666019,500299666166,500299800651,500315921412,500299660599,16666666,500300117355,500318436547,500318794383,500319988029,500332706968,3513,157022,500332706968,500324788356,0,500319988029,
0,51676,500432588074,500432588074,0,500432789825,500432790279,500432790489,500432903197,500449254740,500432785988,16666666,500433098058,500433122032,500433201837,500434437273,500443586397,1861,256912,500443534680,500443586397,0,500434437273,
0,51699,500565921402,500565921402,0,500566503652,500566504126,500566504279,500566659255,500582588068,500566499288,16666666,500566994829,500567559835,500567742388,500568813249,500582726893,2170,169842,500582726893,500580689471,0,500568813249,
0,51707,500632588066,500632588066,0,500635878658,500635879076,500635879332,500636081622,500649254732,500635873339,16666666,500636354587,500636400612,500636510198,500637524426,500656291385,4177,476065,500656291385,500648396612,0,500637524426,
0,51730,500699254730,500699254730,0,500715345372,500715345803,500715346000,500715489665,500715921396,500715341657,16666666,500715788404,500716416712,500716525738,500718507859,500733814563,1974,1006072,500733814563,500722930497,0,500718507859,
0,51738,500832588058,500832588058,0,500832773139,500832773572,500832774030,500832870102,500849254724,500832770323,16666666,500833054548,500833077295,500833146039,500834355368,500843946925,4553,345774,500843865601,500843946925,0,500834355368,
0,51761,500965921386,500965921386,0,500966086592,500966086962,500966087101,500966151054,500982588052,500966085292,16666666,500966290826,500966335586,500966397937,500967120552,500983115238,4799,819184,500983115238,500978111860,0,500967120552,
0,51776,501082588048,501082588048,0,501083064541,501083065443,501083065636,501083178558,501099254714,501083060372,16666666,501083404332,501083861370,501083934101,501085575912,501102072926,2569,1248905,501102004825,501102072926,0,501085575912,
0,51791,501149254712,501149254712,0,501149671852,501149672497,501149672679,501149831601,501165921378,501149665916,16666666,501150117511,501150150301,501150244879,501151921953,501166065614,6066,4241796,501166065614,501163429016,0,501151921953,
0,51834,501249254708,501249254708,0,501249447058,501249447521,501249447782,501249530997,501265921374,501249445178,16666666,501249756454,501249843079,501249984513,501251452261,501266166885,4337,307899,501266166885,501258655260,0,501251452261,
0,51857,501399254702,501399254702,0,501399897216,501399897768,501399897982,501400222050,501415921368,501399891781,16666666,501400761096,501404270008,501404557917,501406515105,501417088484,2737,506079,501417028714,501417088484,0,501406515105,
0,51864,501415921368,501415921368,0,501416454678,501416455101,501416455288,501420132546,501449254700,501416449857,16666666,501420330978,501420347486,501420470977,501422834481,501448964378,17138149,660599,501431760989,501448964378,0,501422834481,
0,51888,501565921362,501565921362,0,501566067972,501566068464,501566068661,501566165852,501582588028,501566064201,16666666,501566367452,501566382802,501566446169,501570632456,501584219196,4013,353454,501584219196,501579541491,0,501570632456,
0,51896,501649254692,501649254692,0,501649511499,501649512213,501649512460,501649678531,501665921358,501649506067,16666666,501649948196,501649996545,501650100742,501651462758,501668430208,2506,538866,501668430208,501657897915,0,501651462758,
0,51919,501715921356,501715921356,0,501716270310,501716270633,501716270806,501716393196,501732588022,501716267984,16666666,501716590708,501731596121,501731803487,501733630403,501749390091,2002,244140,501749390091,501743489300,0,501733630403,
0,51927,501849254684,501849254684,0,501849793882,501849794644,501849794830,501849910767,501865921350,501849791314,16666666,501850099757,501850116461,501850181421,501851289041,501861419305,3075,1579664,501861334651,501861419305,0,501851289041,
0,51950,501982588012,501982588012,0,501983105463,501983106097,501983106334,501983278771,501999254678,501983100729,16666666,501983625240,501983667071,501983759836,501986942177,501999533197,2442,370718,501999533197,501993750282,0,501986942177,
0,51973,502115921340,502132588006,0,502134576132,502134576597,502134576870,502134742520,502132588006,502134571540,16666666,502135025946,502135411402,502135577434,502138250737,502149905800,2312,376954,502149905800,502144627225,0,502138250737,
0,51981,502149254672,502165921338,0,502169502320,502169502778,502169503003,502169656736,502182588004,502169499329,16666666,502169906147,502170506037,502170604287,502172625517,502182704807,1967,203230,502182704807,502180969629,0,502172625517,
0,52024,502282588000,502282588000,0,502283337289,502283337482,502283337693,502283406813,502299254666,502283335223,16666666,502283522436,502283635254,502283698141,502285373340,502299452928,2115,256473,502299452928,502292772920,0,502285373340,
0,52047,502415921328,502415921328,0,502420755347,502420755790,502420756095,502420930940,502432587994,502420749432,16666666,502421233755,502421321837,502421412023,502422368044,502434591336,5952,509248,502434591336,502427672803,0,502422368044,
0,52085,502549254656,502549254656,0,502552269414,502552269763,502552269935,502552447616,502565921322,502552265636,16666666,502552711576,502565337273,502565527863,502567353441,502582873531,3403,407280,502582873531,502571340565,0,502567353441,
0,52093,502649254652,502649254652,0,502649463216,502649463697,502649463852,502649543596,502665921318,502649461099,16666666,502649683558,502649721523,502649793609,502650812404,502659041264,1714,258343,502658970163,502659041264,0,502650812404,
0,52116,502715921316,502715921316,0,502716748926,502716749174,502716749319,502716824317,502732587982,502716746377,16666666,502716953109,502716967003,502717072854,502735138476,502750199264,1828,153741,502750199264,502738952976,0,502735138476,
0,52124,502849254644,502849254644,0,502849464928,502849465366,502849465796,502849552844,502865921310,502849463089,16666666,502849709756,502849726645,502849774046,502850768689,502866136701,1543,184374,502866136701,502858279153,0,502850768689,
0,52147,502982587972,502982587972,0,502982856198,502982856603,502982856763,502982924014,502999254638,502982854249,16666666,502983087173,502983229036,502983424077,502985770626,502999466400,1818,204123,502999466400,502994816068,0,502985770626,
0,52170,503115921300,503115921300,0,503116175545,503116176109,503116176308,503116254522,503132587966,503116172857,16666666,503116440649,503116458772,503116512253,503127666557,503149373802,5324,299818,503149373802,503144299720,0,503127666557,
0,52178,503149254632,503149254632,0,503149483426,503149483851,503149484031,503149578282,503182587964,503149480241,16666666,503149788327,503149802156,503149902089,503169400923,503178554236,2224,361107,503178474367,503178554236,0,503169400923,
0,52221,503282587960,503282587960,0,503283571171,503283571345,503283571524,503283652690,503299254626,503283568968,16666666,503283812419,503283851159,503283926408,503286332356,503299493739,2166,164153,503299493739,503295373662,0,503286332356,
0,52244,503432587954,503432587954,0,503434858851,503434859342,503434859533,503435022015,503449254620,503434853690,16666666,503435341796,503435376214,503435487451,503436644962,503449435101,5914,336641,503449435101,503441561182,0,503436644962,
0,52267,503565921282,503565921282,0,503566686428,503566686893,503566687135,503566851868,503582587948,503566680928,16666666,503567161887,503567196236,503567339555,503569921062,503583737802,3921,522506,503583737802,503579713795,0,503569921062,
0,52275,503649254612,503649254612,0,503649509538,503649509986,503649510238,503649973659,503665921278,503649505104,16666666,503650186498,503650210224,503650319712,503651775576,503666396734,2075,821819,503666396734,503659099477,0,503651775576,
0,52298,503715921276,503715921276,0,503716418555,503716418978,503716419158,503716489589,503732587942,503716416150,16666666,503716637038,503716650185,503716699438,503735328406,503749810709,4832,278137,503749810709,503745564902,0,503735328406,
0,52306,503865921270,503865921270,0,503866227206,503866227659,503866227923,503866390950,503882587936,503866222501,16666666,503866680655,503866715768,503866815308,503868849695,503899535139,1684,214299,503899535139,503884161867,0,503868849695,
0,52329,504015921264,504015921264,0,504016198452,504016198899,504016199110,504016313134,504032587930,504016196970,16666666,504016733700,504016757006,504016826433,504017924905,504033192910,2977,573464,504033192910,504023302194,0,504017924905,
0,52352,504149254592,504149254592,0,504149884124,504149884557,504149884777,504150050400,504165921258,504149878771,16666666,504150381461,504151402485,504151588027,504153195505,504166547206,1774,158782,504166547206,504158300921,0,504153195505,
0,52360,504165921258,504182587924,0,504183916135,504183916538,504183916720,504183997474,504199254590,504183914830,16666666,504184181887,504184253419,504184294523,504185870104,504199355384,1951,183456,504199355384,504192097585,0,504185870104,
0,52412,504315921252,504315921252,0,504316872958,504316873157,504316873328,504320228571,504332587918,504316870516,16666666,504320586600,504320639152,504320842672,504330569325,504349613415,2175,353915,504349613415,504336164021,0,504330569325,
0,52420,504432587914,504432587914,0,504433311109,504433311504,504433311756,504433438974,504449254580,504433306749,16666666,504433692988,504433728515,504433821044,504434815374,504450690905,5345,238495,504450690905,504444939554,0,504434815374,
0,52443,504565921242,504565921242,0,504566125877,504566126276,504566126460,504566202381,504582587908,504566123260,16666666,504566366815,504566381297,504566450714,504567375351,504582840275,3781,1489067,504582840275,504580156927,0,504567375351,
0,52451,504665921238,504665921238,0,504666356327,504666356771,504666357021,504666516063,504682587904,504666350801,16666666,504666778373,504666813922,504666930083,504669060334,504682784186,2276,404066,504682784186,504675368718,0,504669060334,
0,52466,504715921236,504715921236,0,504716415760,504716416222,504716416453,504716687773,504732587902,504716410512,16666666,504717562672,504720596568,504720824037,504729422000,504745357954,1819,596050,504745357954,504733983007,0,504729422000,
0,52480,504732587902,504732587902,0,504733495536,504733496026,504733496198,504733591491,504749254568,504733494004,16666666,504733699916,504734010603,504734093046,504740332781,493582779461,37507153,406922,493582779461,504782930557,0,504740332781,
0,52489,504832587898,504832587898,0,504833916685,504833917111,504833917283,504834041026,504849254564,504833911300,16666666,504834480172,504834645479,504834759612,504837565131,504849632868,1919,576935,504849632868,504842706064,0,504837565131,
0,52512,504982587892,504982587892,0,504982765597,504982766020,504982766224,504982853328,504999254558,504982763828,16666666,504983030610,504983052025,504983174972,504984530287,504999481610,6573,592355,504999481610,504990648266,0,504984530287,
0,52520,505099254554,505099254554,0,505099717540,505099718219,505099718422,505099789402,505115921220,505099714950,16666666,505099954307,505099972497,505100059269,505102133089,505116402477,3065,93125,505116402477,505109425068,0,505102133089,
0,52543,505182587884,505182587884,0,505182772312,505182772827,505182773030,505182890683,505199254550,505182768961,16666666,505183108886,505183129111,505183226372,505185280887,505196492973,2564,1090272,505196442651,505196492973,0,505185280887,
0,52551,505265921214,505265921214,0,505266091829,505266092487,505266092643,505266171956,505282587880,505266088191,16666666,505266349666,505266364983,505266422958,505267570185,505282783906,1932,169441,505282783906,505273020558,0,505267570185,
0,52595,505399254542,505399254542,0,505399419635,505399420059,505399420234,505399499630,505415921208,505399418231,16666666,505399660023,505399678494,505399796631,505401068651,505416164246,2618,428502,505416164246,505405916813,0,505401068651,
0,52620,505549254536,505549254536,0,505549483843,505549484423,505549484626,505549567689,505565921202,505549479151,16666666,505549794321,505549808199,505549887801,505563897156,505582762430,3830,1727362,505582762430,505572943173,0,505563897156,
0,52628,505682587864,505682587864,0,505684547106,505684547864,505684548007,505684696727,505699254530,505684541445,16666666,505685980500,505686068246,505686182243,505693791549,505699698936,5232,306049,505699698936,505697975354,0,505693791549,
0,52636,505699254530,505699254530,0,505714759051,505714759672,505714759868,505714911739,505732587862,505714755979,16666666,505715292762,505715367490,505715690966,505717143420,505728434145,3458,2370246,505728383473,505728434145,0,505717143420,
0,52658,505832587858,505832587858,0,505832788152,505832788671,505832788880,505832885489,505849254524,505832784759,16666666,505833080298,505833103109,505833185377,505840204810,505849600386,2267,508702,505849600386,505845325912,0,505840204810,
0,52681,505965921186,505965921186,0,505966323276,505966323822,505966324034,505966483476,505982587852,505966318289,16666666,505966822446,505966863296,505966969364,505969992931,505983022275,2367,897627,505983022275,505974793756,0,505969992931,
0,52689,506099254514,506099254514,0,506099509673,506099510136,506099510273,506099612229,506115921180,506099507589,16666666,506099803346,506099824469,506099871864,506102384956,506116217076,4530,634004,506116217076,506108580148,0,506102384956,
0,52712,506182587844,506182587844,0,506183802309,506183802707,506183802857,506183935972,506199254510,506183797886,16666666,506184191824,506184226989,506184340863,506185878635,506200505885,2187,282771,506200505885,506193811382,0,506185878635,
0,52720,506249254508,506249254508,0,506251364950,506251365448,506251365587,506251604245,506265921174,506251360456,16666666,506252077908,506252103314,506252176322,506253525749,506266490827,4659,449538,506266490827,506260523682,0,506253525749,
0,52728,506265921174,506282587840,0,506284326942,506284327385,506284327619,506284450505,506299254506,506284324016,16666666,506284604789,506284641719,506284735475,506286188999,506299426324,3656,483279,506299426324,506293036438,0,506286188999,
0,52751,506399254502,506399254502,0,506399591654,506399592037,506399592184,506399716277,506415921168,506399587404,16666666,506400000010,506400063246,506400147254,506405534351,506416659578,2290,187378,506416659578,506412581755,0,506405534351,
0,52802,506532587830,506549254496,0,506549585301,506549585694,506549585894,506549712946,506549254496,506549582314,16666666,506549916149,506550045429,506550153748,506551829172,506566693121,5284,399328,506566693121,506557184275,0,506551829172,
0,52810,506665921158,506665921158,0,506666229165,506666229553,506666229725,506666465135,506682587824,506666224678,16666666,506666717915,506666758581,506666970573,506668480305,506678763357,3774,1057523,506678675019,506678763357,0,506668480305,
0,52818,506682587824,506699254490,0,506700052192,506700052648,506700052856,506700151990,506699254490,506700044835,16666666,506700915795,506700930309,506701001585,506702806125,506717068551,1644,96703,506717068551,506709117080,0,506702806125,
0,52841,506815921152,506815921152,0,506816329152,506816329557,506816329761,506816505806,506832587818,506816324722,16666666,506816704564,506816735918,506816811862,506817788495,506832822028,1870,479750,506832822028,506822751147,0,506817788495,
0,52864,506949254480,506949254480,0,506949426345,506949426831,506949426977,506949525447,506965921146,506949423164,16666666,506949683656,506949707079,506949800386,506955206142,506959645554,4251,1102459,506959557125,506959645554,0,506955206142,
0,52879,507115921140,507115921140,0,507116317071,507116317518,507116317748,507116405641,507132587806,507116314534,16666666,507116558971,507116576068,507116639724,507118188554,507149952782,12337,20253543,507149820004,507149952782,0,507118188554,
0,52895,507182587804,507182587804,0,507182726879,507182727303,507182727502,507182845207,507199254470,507182722770,16666666,507183060489,507183081884,507183175794,507188281257,507202640967,2767,96057,507202640967,507196266130,0,507188281257,
0,52903,507265921134,507265921134,0,507266076341,507266076761,507266076983,507266135246,507282587800,507266074985,16666666,507266284611,507266305499,507266353898,507267504407,507282761379,4121,728071,507282761379,507272739751,0,507267504407,
0,52926,507399254462,507399254462,0,507399532134,507399532533,507399532713,507399665328,507415921128,507399526925,16666666,507399902061,507399932297,507400049024,507401648885,507416087728,1732,174237,507416087728,507414538249,0,507401648885,
0,52970,507532587790,507532587790,0,507547839844,507547840234,507547840381,507547964540,507549254456,507547837655,16666666,507548232518,507548292133,507548521050,507554502177,507560233804,4695,869572,507560161715,507560233804,0,507554502177,
0,52978,507665921118,507665921118,0,507666135243,507666135894,507666136134,507666231934,507682587784,507666131263,16666666,507666412494,507666437030,507666502555,507667879477,507683059527,2698,1318857,507683059527,507677377664,0,507667879477,
0,52986,507682587784,507699254450,0,507702993104,507702993777,507702994004,507703121817,507715921116,507702987609,16666666,507703350960,507703377038,507703467703,507704946501,507716109450,2269,122205,507716109450,507713539284,0,507704946501,
0,53009,507815921112,507815921112,0,507818276534,507818276984,507818277191,507818442776,507832587778,507818271447,16666666,507818745467,507818792903,507818899897,507821511748,507834568643,5434,1627718,507834568643,507830737406,0,507821511748,
0,53032,507965921106,507965921106,0,507966063529,507966063957,507966064166,507966158941,507982587772,507966060620,16666666,507966347038,507966373670,507966447331,507971967802,507982789359,3778,304225,507982789359,507974773283,0,507971967802,
0,53040,508099254434,508099254434,0,508099587103,508099587821,508099588090,508099712064,508115921100,508099582858,16666666,508099930836,508099960141,508100075216,508101379536,508116400629,2313,405903,508116400629,508111136493,0,508101379536,
0,53063,508182587764,508182587764,0,508182806690,508182807466,508182807630,508182919933,508199254430,508182803584,16666666,508183118127,508183138302,508183202238,508185201643,508194037901,2923,381343,508193979001,508194037901,0,508185201643,
0,53071,508249254428,508249254428,0,508249661450,508249661986,508249662199,508249835717,508265921094,508249655270,16666666,508250157727,508250195598,508250327633,508253119006,508266162473,4281,410712,508266162473,508256682745,0,508253119006,
0,53094,508399254422,508399254422,0,508401588143,508401588573,508401588783,508401753662,508415921088,508401582845,16666666,508402059939,508402101706,508402214129,508404892009,508417598789,1987,205725,508417598789,508415995102,0,508404892009,
0,53102,508515921084,508515921084,0,508516163895,508516164283,508516164505,508516272750,508532587750,508516160635,16666666,508516432781,508516457380,508516517543,508518717729,508532869488,2230,438812,508532869488,508526787129,0,508518717729,
0,53153,508649254412,508649254412,0,508650183428,508650183643,508650183893,508650349019,508665921078,508650180513,16666666,508650675846,508650708465,508650785382,508652059136,508666925446,2233,315876,508666925446,508658021329,0,508652059136,
0,53168,508682587744,508682587744,0,508682869801,508682870313,508682870513,508682999873,508699254410,508682866959,16666666,508683212333,508683254592,508683352477,508685743170,508699505069,1654,291833,508699505069,508693297452,0,508685743170,
0,53191,508815921072,508815921072,0,508816133251,508816133699,508816133915,508816261122,508832587738,508816127956,16666666,508816455479,508816506049,508816854569,508821069293,508838564805,5827,573134,508838564805,508825016121,0,508821069293,
0,53206,508932587734,508932587734,0,508935608757,508935609444,508935609695,508935788057,508949254400,508935602512,16666666,508936164000,508936478579,508936583255,508937742197,508949523639,2143,404106,508949523639,508945613267,0,508937742197,
0,53221,509049254396,509049254396,0,509049416533,509049416921,509049417093,509049510949,509065921062,509049413724,16666666,509049669911,509049688359,509049766982,509050876225,509066150661,2234,593603,509066150661,509060359968,0,509050876225,
0,53244,509182587724,509182587724,0,509183742825,509183743230,509183743385,509183880508,509199254390,509183738654,16666666,509184137423,509184175743,509184322351,509186351908,509199424846,5537,319827,509199424846,509193717828,0,509186351908,
0,53252,509199254390,509199254390,0,509215345538,509215346067,509215346252,509215481180,509232587722,509215343187,16666666,509215810718,509215893336,509215971533,509220259283,509227278475,3830,467830,509227173122,509227278475,0,509220259283,
0,53275,509349254384,509349254384,0,509349502361,509349502888,509349503080,509349591709,509365921050,509349499236,16666666,509349770316,509366294361,509366495129,509369367462,509376558652,3424,365127,509376175364,509376558652,0,509369367462,
0,53283,509482587712,509482587712,0,509484634044,509484635067,509484635275,509484805842,509499254378,509484628745,16666666,509485121011,509485165191,509485292594,509487404688,509500087739,5484,543907,509500087739,509493767621,0,509487404688,
0,53306,509615921040,509615921040,0,509616095175,509616095701,509616095841,509616209850,509632587706,509616092536,16666666,509616954333,509617023088,509617137495,509621715363,509638615574,3554,433807,509638615574,509628081641,0,509621715363,
0,53321,509682587704,509682587704,0,509684152591,509684153060,509684153251,509684274030,509699254370,509684149788,16666666,509684455377,509684484803,509684604732,509686136717,509699966878,2127,337230,509699966878,509691559077,0,509686136717,
0,53351,509749254368,509765921034,0,509766252023,509766252469,509766252664,509766397824,509765921034,509766248871,16666666,509766697068,509771622958,509772056931,509774016918,509785675337,7174,2643409,509785567503,509785675337,0,509774016918,
0,53366,509899254362,509899254362,0,509899894581,509899895178,509899895470,509900053085,509915921028,509899890410,16666666,509900282424,509900339068,509900442026,509901544180,509916097829,2043,395156,509916097829,509915423072,0,509901544180,
0,53389,510015921024,510015921024,0,510016167201,510016167574,510016167712,510016254577,510032587690,510016164587,16666666,510016384062,510016427561,510016493797,510017362811,510032725222,2744,114266,510032725222,510021566911,0,510017362811,
0,53404,510032587690,510032587690,0,510032759093,510032759477,510032781168,510034077633,510065921022,510032756546,16666666,510034837980,510037269411,510037378717,510046623844,510056093245,4330,259055,510056093245,510050808504,0,510046623844,
0,53418,510049254356,510049254356,0,510049996878,510049997307,510049997472,510050122902,510082587688,510049992196,16666666,510050340567,510050847735,510051114847,510052277197,510075013083,18868706,167266,510056102440,510075013083,0,510052277197,
0,53434,510182587684,510182587684,0,510182752457,510182752747,510182752898,510182782742,510199254350,510182751306,16666666,510182841723,510182889272,510182923347,510183600641,510199473150,1769,166456,510199473150,510187104654,0,510183600641,
---PROFILEDATA---


View hierarchy:

  com.ggufchat.app/com.ggufchat.app.MainActivity/android.view.ViewRootImpl@5898d1b
  63 views, 100.63 kB of render nodes

  com.ggufchat.app/com.ggufchat.app.ChatActivity/android.view.ViewRootImpl@2717eb8
  41 views, 78.41 kB of render nodes


Total ViewRootImpl   : 2
Total attached Views : 104
Total RenderNode     : 179.03 kB (used) / 313.38 kB (capacity)