Applications Graphics Acceleration Info:
Uptime: 786289 Realtime: 786289

** Graphics info for pid 13310 [com.ggufchat.app] **

Stats since: 757519023465ns
Total frames rendered: 186
Janky frames: 167 (89.78%)
Janky frames (legacy): 50 (26.88%)
50th percentile: 17ms
90th percentile: 32ms
95th percentile: 34ms
99th percentile: 48ms
Number Missed Vsync: 10
Number High input latency: 5
Number Slow UI thread: 9
Number Slow bitmap uploads: 0
Number Slow issue draw commands: 162
Number Frame deadline missed: 167
Number Frame deadline missed (legacy): 49
HISTOGRAM: 5ms=0 6ms=0 7ms=0 8ms=0 9ms=2 10ms=1 11ms=2 12ms=5 13ms=2 14ms=4 15ms=2 16ms=71 17ms=33 18ms=9 19ms=3 20ms=3 21ms=2 22ms=1 23ms=1 24ms=1 25ms=2 26ms=1 27ms=1 28ms=1 29ms=6 30ms=0 31ms=0 32ms=21 34ms=9 36ms=0 38ms=0 40ms=0 42ms=0 44ms=0 46ms=1 48ms=2 53ms=0 57ms=0 61ms=0 65ms=0 69ms=0 73ms=0 77ms=0 81ms=0 85ms=0 89ms=0 93ms=0 97ms=0 101ms=0 105ms=0 109ms=0 113ms=0 117ms=0 121ms=0 125ms=0 129ms=0 133ms=0 150ms=0 200ms=0 250ms=0 300ms=0 350ms=0 400ms=0 450ms=0 500ms=0 550ms=0 600ms=0 650ms=0 700ms=0 750ms=0 800ms=0 850ms=0 900ms=0 950ms=0 1000ms=0 1050ms=0 1100ms=0 1150ms=0 1200ms=0 1250ms=0 1300ms=0 1350ms=0 1400ms=0 1450ms=0 1500ms=0 1550ms=0 1600ms=0 1650ms=0 1700ms=0 1750ms=0 1800ms=0 1850ms=0 1900ms=0 1950ms=0 2000ms=0 2050ms=0 2100ms=0 2150ms=0 2200ms=0 2250ms=0 2300ms=0 2350ms=0 2400ms=0 2450ms=0 2500ms=0 2550ms=0 2600ms=0 2650ms=0 2700ms=0 2750ms=0 2800ms=0 2850ms=0 2900ms=0 2950ms=0 3000ms=0 3050ms=0 3100ms=0 3150ms=0 3200ms=0 3250ms=0 3300ms=0 3350ms=0 3400ms=0 3450ms=0 3500ms=0 3550ms=0 3600ms=0 3650ms=0 3700ms=0 3750ms=0 3800ms=0 3850ms=0 3900ms=0 3950ms=0 4000ms=0 4050ms=0 4100ms=0 4150ms=0 4200ms=0 4250ms=0 4300ms=0 4350ms=0 4400ms=0 4450ms=0 4500ms=0 4550ms=0 4600ms=0 4650ms=0 4700ms=0 4750ms=0 4800ms=0 4850ms=0 4900ms=0 4950ms=0
50th gpu percentile: 15ms
90th gpu percentile: 20ms
95th gpu percentile: 4950ms
99th gpu percentile: 4950ms
GPU HISTOGRAM: 1ms=0 2ms=0 3ms=0 4ms=1 5ms=0 6ms=1 7ms=4 8ms=3 9ms=2 10ms=9 11ms=5 12ms=17 13ms=15 14ms=24 15ms=40 16ms=35 17ms=7 18ms=3 19ms=1 20ms=5 21ms=1 22ms=0 23ms=1 24ms=0 25ms=0 4950ms=12

Pipeline=Skia (OpenGL)
Memory policy:
  Max surface area: 2073600
  Max resource usage: 99.53MB (x48)
  Background retention: 50% (altUiHidden = true)
  GPU Context timeout: 10
Contexts: 2 (stopped = 1)
CPU Caches:
  Glyph Cache: 69.44 KB (1 entry)
  Glyph Count: 22 
Total CPU memory usage:
  71105 bytes, 69.44 KB (0.00 bytes is purgeable)
GPU Caches:
  Other:
    Other: 13.66 KB (1 entry)
    Buffer Object: 464.00 bytes (2 entries)
    StencilAttachment: 36.00 KB (3 entries)
  Scratch:
    RenderTarget: 36.00 KB (2 entries)
    Texture: 2.00 MB (2 entries)
    Buffer Object: 144.00 KB (4 entries)
Total GPU memory usage:
  2332912 bytes, 2.22 MB (136.45 KB is purgeable)

GraphicBufferAllocator buffers:
        Handle |        Size |     W (Stride) x H | Layers |   Format |      Usage | Requestor
0x748646907700 |     unknown |  720 (   0) x 1280 |      1 |        1 | 0x     b00 | VRI[ChatActivity]#1(BLAST Consumer)1
0x74864690a760 |     unknown |  720 (   0) x 1280 |      1 |        1 | 0x     b00 | VRI[ChatActivity]#1(BLAST Consumer)1
0x74864690bb10 |     unknown |  720 (   0) x 1280 |      1 |        1 | 0x     b00 | VRI[ChatActivity]#1(BLAST Consumer)1
Total allocated by GraphicBufferAllocator (estimate): 0.00 KB
GoldfishAllocator::dumpDebugInfo is not implemented
Profile data in ms:

	com.ggufchat.app/com.ggufchat.app.MainActivity/android.view.ViewRootImpl@b2a2388 (visibility=8)
Window: com.ggufchat.app/com.ggufchat.app.MainActivity
Stats since: 757518778375ns
Total frames rendered: 0
Janky frames: 0 (0.00%)
Janky frames (legacy): 0 (0.00%)
50th percentile: 4950ms
90th percentile: 4950ms
95th percentile: 4950ms
99th percentile: 4950ms
Number Missed Vsync: 0
Number High input latency: 0
Number Slow UI thread: 0
Number Slow bitmap uploads: 0
Number Slow issue draw commands: 0
Number Frame deadline missed: 0
Number Frame deadline missed (legacy): 0
HISTOGRAM: 5ms=0 6ms=0 7ms=0 8ms=0 9ms=0 10ms=0 11ms=0 12ms=0 13ms=0 14ms=0 15ms=0 16ms=0 17ms=0 18ms=0 19ms=0 20ms=0 21ms=0 22ms=0 23ms=0 24ms=0 25ms=0 26ms=0 27ms=0 28ms=0 29ms=0 30ms=0 31ms=0 32ms=0 34ms=0 36ms=0 38ms=0 40ms=0 42ms=0 44ms=0 46ms=0 48ms=0 53ms=0 57ms=0 61ms=0 65ms=0 69ms=0 73ms=0 77ms=0 81ms=0 85ms=0 89ms=0 93ms=0 97ms=0 101ms=0 105ms=0 109ms=0 113ms=0 117ms=0 121ms=0 125ms=0 129ms=0 133ms=0 150ms=0 200ms=0 250ms=0 300ms=0 350ms=0 400ms=0 450ms=0 500ms=0 550ms=0 600ms=0 650ms=0 700ms=0 750ms=0 800ms=0 850ms=0 900ms=0 950ms=0 1000ms=0 1050ms=0 1100ms=0 1150ms=0 1200ms=0 1250ms=0 1300ms=0 1350ms=0 1400ms=0 1450ms=0 1500ms=0 1550ms=0 1600ms=0 1650ms=0 1700ms=0 1750ms=0 1800ms=0 1850ms=0 1900ms=0 1950ms=0 2000ms=0 2050ms=0 2100ms=0 2150ms=0 2200ms=0 2250ms=0 2300ms=0 2350ms=0 2400ms=0 2450ms=0 2500ms=0 2550ms=0 2600ms=0 2650ms=0 2700ms=0 2750ms=0 2800ms=0 2850ms=0 2900ms=0 2950ms=0 3000ms=0 3050ms=0 3100ms=0 3150ms=0 3200ms=0 3250ms=0 3300ms=0 3350ms=0 3400ms=0 3450ms=0 3500ms=0 3550ms=0 3600ms=0 3650ms=0 3700ms=0 3750ms=0 3800ms=0 3850ms=0 3900ms=0 3950ms=0 4000ms=0 4050ms=0 4100ms=0 4150ms=0 4200ms=0 4250ms=0 4300ms=0 4350ms=0 4400ms=0 4450ms=0 4500ms=0 4550ms=0 4600ms=0 4650ms=0 4700ms=0 4750ms=0 4800ms=0 4850ms=0 4900ms=0 4950ms=0
50th gpu percentile: 4950ms
90th gpu percentile: 4950ms
95th gpu percentile: 4950ms
99th gpu percentile: 4950ms
GPU HISTOGRAM: 1ms=0 2ms=0 3ms=0 4ms=0 5ms=0 6ms=0 7ms=0 8ms=0 9ms=0 10ms=0 11ms=0 12ms=0 13ms=0 14ms=0 15ms=0 16ms=0 17ms=0 18ms=0 19ms=0 20ms=0 21ms=0 22ms=0 23ms=0 24ms=0 25ms=0 4950ms=0



---PROFILEDATA---
Flags,FrameTimelineVsyncId,IntendedVsync,Vsync,InputEventId,HandleInputStart,AnimationStart,PerformTraversalsStart,DrawStart,FrameDeadline,FrameInterval,FrameStartTime,SyncQueued,SyncStart,IssueDrawCommandsStart,SwapBuffers,FrameCompleted,DequeueBufferDuration,QueueBufferDuration,GpuCompleted,SwapBuffersCompleted,DisplayPresentTime,CommandSubmissionCompleted,
---PROFILEDATA---


	com.ggufchat.app/com.ggufchat.app.ChatActivity/android.view.ViewRootImpl@af4c121 (visibility=0)
Window: com.ggufchat.app/com.ggufchat.app.ChatActivity
Stats since: 757519023210ns
Total frames rendered: 186
Janky frames: 167 (89.78%)
Janky frames (legacy): 50 (26.88%)
50th percentile: 17ms
90th percentile: 32ms
95th percentile: 34ms
99th percentile: 48ms
Number Missed Vsync: 10
Number High input latency: 5
Number Slow UI thread: 9
Number Slow bitmap uploads: 0
Number Slow issue draw commands: 162
Number Frame deadline missed: 167
Number Frame deadline missed (legacy): 49
HISTOGRAM: 5ms=0 6ms=0 7ms=0 8ms=0 9ms=2 10ms=1 11ms=2 12ms=5 13ms=2 14ms=4 15ms=2 16ms=71 17ms=33 18ms=9 19ms=3 20ms=3 21ms=2 22ms=1 23ms=1 24ms=1 25ms=2 26ms=1 27ms=1 28ms=1 29ms=6 30ms=0 31ms=0 32ms=21 34ms=9 36ms=0 38ms=0 40ms=0 42ms=0 44ms=0 46ms=1 48ms=2 53ms=0 57ms=0 61ms=0 65ms=0 69ms=0 73ms=0 77ms=0 81ms=0 85ms=0 89ms=0 93ms=0 97ms=0 101ms=0 105ms=0 109ms=0 113ms=0 117ms=0 121ms=0 125ms=0 129ms=0 133ms=0 150ms=0 200ms=0 250ms=0 300ms=0 350ms=0 400ms=0 450ms=0 500ms=0 550ms=0 600ms=0 650ms=0 700ms=0 750ms=0 800ms=0 850ms=0 900ms=0 950ms=0 1000ms=0 1050ms=0 1100ms=0 1150ms=0 1200ms=0 1250ms=0 1300ms=0 1350ms=0 1400ms=0 1450ms=0 1500ms=0 1550ms=0 1600ms=0 1650ms=0 1700ms=0 1750ms=0 1800ms=0 1850ms=0 1900ms=0 1950ms=0 2000ms=0 2050ms=0 2100ms=0 2150ms=0 2200ms=0 2250ms=0 2300ms=0 2350ms=0 2400ms=0 2450ms=0 2500ms=0 2550ms=0 2600ms=0 2650ms=0 2700ms=0 2750ms=0 2800ms=0 2850ms=0 2900ms=0 2950ms=0 3000ms=0 3050ms=0 3100ms=0 3150ms=0 3200ms=0 3250ms=0 3300ms=0 3350ms=0 3400ms=0 3450ms=0 3500ms=0 3550ms=0 3600ms=0 3650ms=0 3700ms=0 3750ms=0 3800ms=0 3850ms=0 3900ms=0 3950ms=0 4000ms=0 4050ms=0 4100ms=0 4150ms=0 4200ms=0 4250ms=0 4300ms=0 4350ms=0 4400ms=0 4450ms=0 4500ms=0 4550ms=0 4600ms=0 4650ms=0 4700ms=0 4750ms=0 4800ms=0 4850ms=0 4900ms=0 4950ms=0
50th gpu percentile: 15ms
90th gpu percentile: 20ms
95th gpu percentile: 4950ms
99th gpu percentile: 4950ms
GPU HISTOGRAM: 1ms=0 2ms=0 3ms=0 4ms=1 5ms=0 6ms=1 7ms=4 8ms=3 9ms=2 10ms=9 11ms=5 12ms=17 13ms=15 14ms=24 15ms=40 16ms=35 17ms=7 18ms=3 19ms=1 20ms=5 21ms=1 22ms=0 23ms=1 24ms=0 25ms=0 4950ms=12



---PROFILEDATA---
Flags,FrameTimelineVsyncId,IntendedVsync,Vsync,InputEventId,HandleInputStart,AnimationStart,PerformTraversalsStart,DrawStart,FrameDeadline,FrameInterval,FrameStartTime,SyncQueued,SyncStart,IssueDrawCommandsStart,SwapBuffers,FrameCompleted,DequeueBufferDuration,QueueBufferDuration,GpuCompleted,SwapBuffersCompleted,DisplayPresentTime,CommandSubmissionCompleted,
0,76916,773499243818,773499243818,0,773514201575,773514202565,773514202744,773514346368,773515910484,773514198155,16666666,773514574866,773515169498,773515439143,773517530364,773533184300,3101,238077,773533184300,773522380255,0,773517530364,
0,76924,773532577150,773532577150,0,773549068220,773549069111,773549103531,773549268198,773565910482,773549063798,16666666,773549622356,773549647100,773549718992,773550594125,773566034818,3164,244736,773566034818,773559455549,0,773550594125,
0,76939,773682577144,773682577144,0,773683011471,773683012172,773683039178,773683188957,773699243810,773683007383,16666666,773683488077,773683528884,773683590775,773687805328,773699449661,3405,217521,773699449661,773692497936,0,773687805328,
0,76954,773815910472,773815910472,0,773816375152,773816376192,773816410152,773816579521,773832577138,773816370307,16666666,773816927009,773816975484,773817083451,773821253932,773832796498,3625,565642,773832796498,773826089030,0,773821253932,
0,76977,773949243800,773949243800,0,773949461746,773949462722,773949477181,773949607266,773965910466,773949458119,16666666,773949846950,773949901129,773949988864,773951337388,773968170311,4538,435173,773968170311,773958629901,0,773951337388,
0,76985,773999243798,773999243798,0,774000407190,774000407686,774000407894,774000600978,774015910464,774000403059,16666666,774000901019,774000940986,774001042111,774006702755,774014164631,12680,1201510,774014049388,774014164631,0,774006702755,
0,77008,774099243794,774115910460,0,774117264798,774117265582,774117303874,774117473005,774115910460,774117259277,16666666,774117820670,774118328247,774118533284,774120831140,774132717955,63203,395296,774132717955,774129175447,0,774120831140,
0,77016,774232577122,774232577122,0,774232781461,774232782471,774232794618,774232938497,774249243788,774232777831,16666666,774233174978,774233210181,774233284791,774236775501,774246092272,3215,944220,774246038813,774246092272,0,774236775501,
0,77039,774382577116,774382577116,0,774382786818,774382788081,774382799782,774382940697,774399243782,774382782619,16666666,774383174194,774383206336,774383273907,774384989397,774399487801,4106,515847,774399487801,774397435127,0,774384989397,
0,77062,774499243778,774515910444,0,774519534981,774519536140,774519536497,774519979805,774515910444,774519516890,16666666,774520432947,774520647401,774521115143,774522573525,774533998997,3529,312516,774533779544,774533998997,0,774522573525,
0,77069,774532577110,774532577110,0,774533081230,774533082000,774533092954,774533171227,774549243776,774533079470,16666666,774533333298,774534064103,774534141380,774534898265,0,23861260,180044,0,774565798054,0,774534898265,
0,77085,774682577104,774682577104,0,774684153968,774684154453,774684179703,774684320032,774699243770,774684151381,16666666,774684577697,774688150893,774688353785,774694031527,774719331479,2559,979951,774719255877,774719331479,0,774694031527,
0,77101,774832577098,774832577098,0,774833932526,774833933353,774833967808,774834130208,774849243764,774833926703,16666666,774834460575,774834509731,774834590133,774836292490,774849465267,3161,232547,774849465267,774843204234,0,774836292490,
0,77124,774982577092,774982577092,0,774983003092,774983003597,774983017247,774983134721,774999243758,774982999603,16666666,774983374453,774983628692,774983817722,774987323526,774999430731,4995,2079317,774999430731,774994037666,0,774987323526,
0,77132,774999243758,774999243758,0,774999563257,774999563823,774999564067,774999688883,775032577090,774999560698,16666666,774999922518,775020996904,775021142423,775022144687,775049363367,3393,182762,775049363367,775035746666,0,775022144687,
0,77155,775149243752,775149243752,0,775149458907,775149459670,775149471796,775149587666,775165910418,775149425733,16666666,775149808876,775149874433,775149958270,775151260726,775166422369,12483,4316480,775166422369,775159275138,0,775151260726,
0,77170,775282577080,775282577080,0,775283018376,775283018999,775283046031,775283231314,775299243746,775283016110,16666666,775283544297,775287542146,775287755216,775289297408,775308519176,2488,310588,775308437777,775308519176,0,775289297408,
0,77186,775432577074,775432577074,0,775432802697,775432803359,775432814913,775432953736,775449243740,775432799752,16666666,775433191327,775433218689,775433302919,775434747662,775450701743,3027,238618,775450701743,775448830963,0,775434747662,
0,77209,775499243738,775499243738,0,775499800696,775499801442,775499801583,775499996173,775515910404,775499797536,16666666,775500290066,775500321003,775500388195,775517809256,775534206268,2689,236518,775534206268,775526865740,0,775517809256,
0,77217,775582577068,775582577068,0,775582801116,775582802019,775582812406,775582936677,775599243734,775582798369,16666666,775583130005,775583152410,775583215449,775584644103,775599732496,3230,645099,775599732496,775591437257,0,775584644103,
0,77240,775732577062,775732577062,0,775733131853,775733132474,775733167774,775733345489,775749243728,775733127559,16666666,775733775507,775733820002,775733927001,775737420096,775767339995,3734,186112,775767339995,775750176394,0,775737420096,
0,77248,775865910390,775865910390,0,775867234315,775867235320,775867272965,775867485769,775882577056,775867228006,16666666,775867875681,775867911626,775868051249,775869617856,775883186677,3507,455207,775883186677,775876922600,0,775869617856,
0,77271,775999243718,775999243718,0,775999475553,775999476349,775999476626,775999626523,776015910384,775999471416,16666666,775999880072,775999909718,775999978523,776002867604,776028812754,2877,360659,776028812754,776018023425,0,776002867604,
0,77278,776015910384,776015910384,0,776016772453,776016772848,776016783569,776016985974,776049243716,776016770748,16666666,776018008989,776018057441,776018113935,776019364910,776049362215,18306852,383806,776049362215,776047236219,0,776019364910,
0,77286,776032577050,776032577050,0,776046706595,776046706929,776046707089,776046826535,776082577048,776046702929,16666666,776046953713,776047268742,776047318706,776048216857,776083321421,2358,143588,776083321421,776069917294,0,776048216857,
0,77310,776182577044,776182577044,0,776182959267,776182960078,776182971195,776183083066,776199243710,776182956257,16666666,776183310878,776183337005,776183408608,776185415431,776199685279,3005,684449,776199685279,776192493225,0,776185415431,
0,77333,776332577038,776332577038,0,776332735833,776332736261,776332745408,776332888702,776349243704,776332733818,16666666,776333122083,776333146531,776333223395,776334460630,776349440803,2515,470546,776349440803,776342063635,0,776334460630,
0,77341,776449243700,776449243700,0,776449453711,776449454111,776449463668,776449580088,776465910366,776449451705,16666666,776449806993,776449845793,776449931100,776452729420,776466108195,2454,296524,776466108195,776459062698,0,776452729420,
0,77356,776499243698,776499243698,0,776501397024,776501397399,776501397548,776501560949,776515910364,776501393292,16666666,776501783445,776504060018,776504147250,776506520185,776519660880,2840,332949,776519660880,776512132034,0,776506520185,
0,77373,776615910360,776615910360,0,776616163859,776616164605,776616178580,776616306172,776632577026,776616160998,16666666,776616553108,776616992852,776617172738,776620386349,776630965215,4149,644328,776630543345,776630965215,0,776620386349,
0,77396,776765910354,776765910354,0,776766125631,776766126474,776766140077,776766256926,776782577020,776766122829,16666666,776766508620,776766534063,776766615711,776768058472,776783398738,2935,515413,776783398738,776776309998,0,776768058472,
0,77404,776882577016,776882577016,0,776882914391,776882915075,776882928562,776883044014,776899243682,776882911478,16666666,776883246460,776883267289,776883539438,776884864218,776899631408,2708,560119,776899631408,776890946916,0,776884864218,
0,77427,776999243678,776999243678,0,776999541983,776999542713,776999542938,776999722273,777015910344,776999538384,16666666,777000001761,777000059704,777000146754,777001949161,777016974607,2999,466983,777016974607,777007807531,0,777001949161,
0,77435,777049243676,777049243676,0,777049550908,777049551595,777049563394,777049669512,777065910342,777049547714,16666666,777050199830,777050230175,777050297374,777051297601,777066149197,2666,258635,777066149197,777058059915,0,777051297601,
0,77458,777182577004,777182577004,0,777183364185,777183364813,777183405073,777183582550,777199243670,777183359801,16666666,777183976794,777184059184,777184159557,777188710187,777200444005,2661,655967,777200444005,777196473393,0,777188710187,
0,77473,777299243666,777299243666,0,777299445569,777299445997,777299450255,777299635074,777315910332,777299443502,16666666,777299959879,777299984391,777300090264,777301084047,777316119763,2778,305676,777316119763,777309702262,0,777301084047,
0,77488,777315910332,777315910332,0,777316178521,777316178924,777316179170,777316296312,777349243664,777316175957,16666666,777316401429,777316512568,777316566911,777335440232,777349589340,2893045,434107,777349589340,777343709872,0,777335440232,
0,77496,777449243660,777449243660,0,777449399296,777449399774,777449408108,777449509422,777465910326,777449397247,16666666,777449724630,777449747011,777449836373,777452867745,777466109047,2330,207239,777466109047,777460603277,0,777452867745,
0,77511,777499243658,777499243658,0,777499680700,777499681346,777499681564,777499889993,777515910324,777499675934,16666666,777500213062,777500716657,777500794337,777508560957,777512530548,2536,1045845,777512461919,777512530548,0,777508560957,
0,77526,777599243654,777599243654,0,777599856890,777599857420,777599868305,777599978394,777615910320,777599854867,16666666,777600208975,777604082523,777604159661,777605327847,777618051687,1782,162553,777618051687,777612525757,0,777605327847,
0,77549,777749243648,777749243648,0,777749403907,777749404457,777749415483,777749523617,777765910314,777749402120,16666666,777749717613,777749742049,777749804053,777753750541,777766227376,2883,130826,777766227376,777758202984,0,777753750541,
0,77557,777882576976,777882576976,0,777884877580,777884878360,777884913379,777885085629,777899243642,777884873118,16666666,777885427580,777885462304,777885587386,777887291244,777899672977,3035,413674,777899672977,777896248485,0,777887291244,
0,77580,777999243638,777999243638,0,777999485976,777999486352,777999486536,777999632813,778015910304,777999484189,16666666,777999879163,777999906113,777999993433,778001019003,778016223620,2619,360230,778016223620,778008416746,0,778001019003,
0,77588,778049243636,778049243636,0,778049455328,778049455979,778049467402,778049571397,778065910302,778049454058,16666666,778049763513,778049826146,778049892203,778050751296,778066098363,1972,244748,778066098363,778058463252,0,778050751296,
0,77611,778182576964,778182576964,0,778182885496,778182886026,778182916486,778183065447,778199243630,778182881311,16666666,778183362537,778183397693,778183474834,778184570453,778202093384,2748,658509,778202093384,778194839449,0,778184570453,
0,77634,778315910292,778315910292,0,778316205827,778316205924,778316216131,778316322880,778332576958,778316204899,16666666,778316580811,778316597878,778316670725,778332207779,778349485666,2445,186750,778349485666,778339435652,0,778332207779,
0,77642,778449243620,778449243620,0,778449434820,778449435811,778449442746,778449548536,778465910286,778449431790,16666666,778449735822,778449759286,778449846915,778451171222,778466153109,3282,321843,778466153109,778461298436,0,778451171222,
0,77657,778499243618,778499243618,0,778499486830,778499487704,778499487911,778499640455,778515910284,778499484133,16666666,778499889582,778500419296,778500484214,778507605894,778535045983,9298,19171233,778534965286,778535045983,0,778507605894,
0,77673,778615910280,778615910280,0,778616324324,778616325149,778616337360,778616454885,778632576946,778616321700,16666666,778616674444,778616696909,778616773678,778618002063,778631354562,2873,374540,778631301889,778631354562,0,778618002063,
0,77696,778749243608,778749243608,0,778749369611,778749370140,778749377209,778749474466,778765910274,778749367785,16666666,778749644872,778749663992,778749720668,778750995009,778766120782,2681,378469,778766120782,778756993304,0,778750995009,
0,77704,778882576936,778882576936,0,778883829693,778883830716,778883865408,778884309468,778899243602,778883825642,16666666,778884782904,778884856373,778884972355,778887029745,778899412583,3453,229218,778899412583,778893992844,0,778887029745,
0,77727,778999243598,778999243598,0,778999484418,778999485321,778999485555,778999642138,779015910264,778999481348,16666666,778999905611,778999935485,779000064742,779001723869,779017671100,2569,354301,779017671100,779007267515,0,779001723869,
0,77735,779049243596,779049243596,0,779049778682,779049779306,779049832344,779050009137,779065910262,779049773789,16666666,779050404268,779050479784,779050622001,779055106856,779066208953,2970,410554,779066208953,779057022885,0,779055106856,
0,77758,779182576924,779182576924,0,779182847545,779182848032,779182856185,779182975200,779199243590,779182845362,16666666,779183195310,779183249140,779183332980,779184667253,779199475571,2493,528284,779199475571,779190248802,0,779184667253,
0,77773,779315910252,779315910252,0,779316392676,779316393475,779316405508,779316512968,779332576918,779316389227,16666666,779316725474,779320066091,779320144825,779326519385,779366299645,3679,308713,779366299645,779354020655,0,779326519385,
0,77789,779449243580,779449243580,0,779449640412,779449641045,779449670352,779449844874,779465910246,779449636105,16666666,779450171210,779450205548,779450291891,779451677248,779466046518,2571,309467,779466046518,779457407216,0,779451677248,
0,77797,779499243578,779499243578,0,779500344388,779500345074,779500345303,779500540310,779515910244,779500339025,16666666,779500836128,779500868681,779500950714,779501918691,779516893964,2564,563901,779516893964,779506965869,0,779501918691,
0,77820,779599243574,779599243574,0,779599651184,779599651740,779599687358,779599872014,779615910240,779599647247,16666666,779600245349,779600278314,779600385721,779602199850,779616114233,3067,591983,779616114233,779612077317,0,779602199850,
0,77828,779715910236,779715910236,0,779720098284,779720099006,779720111404,779720238423,779732576902,779720095364,16666666,779720473798,779720504249,779720607746,779723515068,779738305497,2620,319665,779738305497,779729186374,0,779723515068,
0,77851,779865910230,779865910230,0,779866112132,779866112999,779866124368,779866236190,779882576896,779866108235,16666666,779866451141,779866517025,779866581322,779868001167,779882859414,2633,666903,779882859414,779876226951,0,779868001167,
0,77874,779999243558,779999243558,0,779999494889,779999495601,779999495771,779999662521,780015910224,779999491815,16666666,779999940906,779999970235,780000080981,780001223105,780016124065,3844,362637,780016124065,780011218401,0,780001223105,
0,77882,780015910224,780015910224,0,780029103487,780029104006,780029127999,780029260170,780049243556,780029101741,16666666,780029557523,780029583171,780029659744,780030662421,780050061711,2588,304089,780050061711,780037574301,0,780030662421,
0,77905,780182576884,780182576884,0,780182920878,780182921625,780182952887,780183105427,780199243550,780182916710,16666666,780183415767,780183445452,780183554854,780185164887,780194734604,3395,501978,780194677724,780194734604,0,780185164887,
0,77913,780299243546,780299243546,0,780299505436,780299506568,780299519294,780299643879,780315910212,780299501996,16666666,780299915227,780299940923,780300067567,780302631423,780316515399,3230,813160,780316515399,780308068444,0,780302631423,
0,77936,780432576874,780432576874,0,780432749040,780432749713,780432762166,780432879451,780449243540,780432746357,16666666,780433066235,780433114539,780433176322,780434090877,780450377584,2053,555803,780450377584,780442147519,0,780434090877,
0,77944,780499243538,780499243538,0,780500404943,780500405480,780500405691,780500590411,780515910204,780500400200,16666666,780500877775,780500909950,780500986712,780502521909,780513705987,2430,502211,780513653437,780513705987,0,780502521909,
0,77967,780582576868,780582576868,0,780582747680,780582748197,780582756170,780582979865,780599243534,780582745480,16666666,780583297672,780583311276,780583397418,780585349977,780599402350,2513,209823,780599402350,780590854135,0,780585349977,
0,77975,780599243534,780599243534,0,780614865731,780614866092,780614866249,780615013250,780632576866,780614862624,16666666,780615176716,780615274173,780615388863,780616385630,780632946809,2332,169255,780632946809,780620289331,0,780616385630,
0,77983,780732576862,780732576862,0,780733183825,780733184548,780733194342,780733296130,780749243528,780733181283,16666666,780733489307,780733516340,780733567600,780735002288,780749402438,2119,157894,780749402438,780741974514,0,780735002288,
0,78006,780882576856,780882576856,0,780884080683,780884081282,780884116776,780884280656,780899243522,780884076321,16666666,780884649109,780884688336,780884775864,780886174366,780900391663,2339,316236,780900391663,780893018585,0,780886174366,
0,78029,780999243518,780999243518,0,780999401431,780999401950,780999402159,780999550400,781015910184,780999399626,16666666,780999802319,780999821157,780999906991,781008872779,781018125842,2387,274015,781018005434,781018125842,0,781008872779,
0,78037,781032576850,781032576850,0,781032797793,781032798219,781032808097,781032899359,781049243516,781032780893,16666666,781033128625,781033148666,781033200310,781048809976,781057311651,3014,2555297,781057223859,781057311651,0,781048809976,
0,78052,781165910178,781165910178,0,781166808641,781166809760,781166842847,781167039355,781182576844,781166803899,16666666,781167349886,781167377554,781167441744,781168486069,781182726070,2141,235529,781182726070,781180985022,0,781168486069,
0,78067,781299243506,781299243506,0,781299548686,781299549717,781299563976,781299672092,781315910172,781299544466,16666666,781299933532,781299964278,781300069457,781303103341,781316455422,3583,769536,781316455422,781309774216,0,781303103341,
0,78090,781432576834,781432576834,0,781432705201,781432706098,781432714752,781432840595,781449243500,781432703166,16666666,781433060202,781433123907,781433194349,781434429071,781450048985,3437,484187,781450048985,781445665139,0,781434429071,
0,78098,781499243498,781499243498,0,781499488649,781499489492,781499489678,781499666459,781515910164,781499484832,16666666,781499962380,781499990597,781500107373,781503582883,781516459895,3454,820252,781516381885,781516459895,0,781503582883,
0,78121,781582576828,781599243494,0,781608585185,781608585486,781608625352,781609422536,781599243494,781608580432,16666666,781609750698,781609814652,781609907143,781612501745,781632672698,2800,168658,781632672698,781622498262,0,781612501745,
0,78129,781732576822,781732576822,0,781733045877,781733046982,781733083937,781733263077,781749243488,781733041057,16666666,781733661478,781733744692,781733881392,781737095132,781754299932,3080,625014,781754299932,781743138507,0,781737095132,
0,78152,781865910150,781865910150,0,781872442376,781872443075,781872472847,781872626672,781882576816,781872438247,16666666,781872999509,781873060672,781873157985,781874588294,781900226788,2768,268450,781900226788,781884815910,0,781874588294,
0,78175,781999243478,781999243478,0,782001952223,782001953047,782001953241,782002093313,782015910144,782001949039,16666666,782002319241,782005668747,782005741564,782007885578,782018564170,2643,162694,782018564170,782013664188,0,782007885578,
0,78183,782049243476,782049243476,0,782049942679,782049943242,782049973469,782050136438,782065910142,782049938336,16666666,782050489873,782050522356,782050615861,782053442094,782066123754,2625,253707,782066123754,782059557031,0,782053442094,
0,78206,782182576804,782199243470,0,782204658325,782204658838,782204687202,782205417746,782199243470,782204654522,16666666,782206063034,782206078821,782206145446,782207995844,782217790796,2100,474404,782217790796,782215292054,0,782207995844,
0,78214,782215910136,782215910136,0,782216193302,782216193824,782216194001,782216307798,782249243468,782216191754,16666666,782216405551,782216669131,782216727235,782234035701,782249401134,2064,188763,782249401134,782237747084,0,782234035701,
0,78222,782349243464,782349243464,0,782350356217,782350356984,782350389693,782350552538,782365910130,782350351895,16666666,782350946778,782350988409,782351066891,782354231119,782366102441,2265,528843,782366049651,782366102441,0,782354231119,
0,78244,782482576792,782482576792,0,782482961410,782482962236,782482991443,782483170841,782499243458,782482957156,16666666,782483457728,782483539257,782484047341,782485675170,782500282359,2878,466839,782500282359,782499204892,0,782485675170,
0,78252,782499243458,782499243458,0,782500493757,782500494135,782500494427,782500621125,782532576790,782500490954,16666666,782500840745,782515558963,782515707938,782518306177,782532742513,2405,216189,782532742513,782528454168,0,782518306177,
0,78275,782632576786,782632576786,0,782633228543,782633228930,782633237374,782633339127,782649243452,782633227077,16666666,782633505997,782634255237,782634430644,782638198521,782649409220,21897,408454,782649409220,782641837461,0,782638198521,
0,78283,782749243448,782749243448,0,782749799144,782749799507,782749807234,782749890652,782765910114,782749797669,16666666,782750051652,782750089350,782750145993,782751687195,782761529247,1789,434940,782761468765,782761529247,0,782751687195,
0,78306,782915910108,782915910108,0,782920122205,782920122858,782920133701,782920229149,782932576774,782920119562,16666666,782920416678,782920440991,782920497280,782925359404,782936743524,2273,402660,782936680394,782936743524,0,782925359404,
0,78329,782999243438,782999243438,0,782999846569,782999846983,782999847148,783000092914,783015910104,782999843357,16666666,783000534664,783000613429,783000710987,783001739622,783016146883,1900,226802,783016146883,783012699690,0,783001739622,
0,78337,783065910102,783065910102,0,783066225348,783066225730,783066255037,783066398875,783082576768,783066222318,16666666,783066671908,783066707374,783066801479,783068524969,783082728125,2916,279618,783082728125,783078787880,0,783068524969,
0,78360,783199243430,783199243430,0,783199691876,783199692265,783199696234,783199810742,783215910096,783199690285,16666666,783199985470,783200003645,783200112492,783201287290,783216485872,1749,111417,783216485872,783211159415,0,783201287290,
0,78368,783332576758,783332576758,0,783332750588,783332750991,783332776008,783332861330,783349243424,783332748886,16666666,783333023769,783333047534,783333102990,783334356770,783349479341,2908,1187594,783349479341,783340781910,0,783334356770,
0,78391,783482576752,783482576752,0,783482750450,783482750876,783482776439,783482866684,783499243418,783482748811,16666666,783483034525,783483056986,783483116393,783485188087,783499428976,1713,381147,783499428976,783490689031,0,783485188087,
0,78399,783499243418,783515910084,0,783516326000,783516326382,783516326537,783516455472,783532576750,783516323481,16666666,783516625100,783516671267,783517673128,783520859774,783532728483,1698,192988,783532728483,783526619703,0,783520859774,
0,78422,783632576746,783632576746,0,783633137456,783633137836,783633167310,783633305804,783649243412,783633134066,16666666,783633561576,783633593990,783633684091,783634734202,783649458234,2332,511965,783649458234,783644515989,0,783634734202,
0,78430,783749243408,783749243408,0,783749434249,783749435127,783749445566,783749544006,783765910074,783749432080,16666666,783749719908,783749743434,783749831630,783751632728,783767157258,3286,526693,783767157258,783759177411,0,783751632728,
0,78453,783899243402,783899243402,0,783900349542,783900350095,783900385871,783900557423,783915910068,783900345942,16666666,783900915458,783900955006,783901050469,783905861125,783917050484,2408,216988,783917050484,783910203017,0,783905861125,
0,78476,783999243398,784015910064,0,784019314512,784019314929,784019315149,784019449659,784015910064,784019312462,16666666,784019627217,784019649381,784019697481,784020565738,784032768872,2113,194656,784032768872,784025294892,0,784020565738,
0,78484,784049243396,784049243396,0,784049857619,784049857956,784049868014,784049973726,784065910062,784049856438,16666666,784050198786,784050215676,784050289289,784051731274,784066078746,1736,217642,784066078746,784057115532,0,784051731274,
0,78499,784182576724,784182576724,0,784183146704,784183147404,784183155718,784183239655,784199243390,784183145253,16666666,784183413065,784183543214,784183606270,784186100535,784199482657,2914,483056,784199482657,784197055313,0,784186100535,
0,78514,784315910052,784315910052,0,784316478289,784316478702,784316506708,784316652289,784332576718,784316475026,16666666,784316954335,784316980943,784317060744,784318707453,784328626202,2297,182346,784328562921,784328626202,0,784318707453,
0,78537,784465910046,784465910046,0,784466077943,784466078369,784466088470,784466191269,784482576712,784466076285,16666666,784466405211,784466430028,784466508269,784467934846,784479235201,1641,210509,784479180777,784479235201,0,784467934846,
0,78545,784515910044,784515910044,0,784516799942,784516800456,784516800728,784516958289,784532576710,784516797028,16666666,784517198082,784517235931,784517316519,784519186448,784532800762,1481,383909,784532800762,784525289507,0,784519186448,
0,78568,784599243374,784599243374,0,784599443574,784599443976,784599450044,784599531085,784615910040,784599441939,16666666,784599783450,784599799751,784599868525,784618624896,784633233372,1505,229779,784633233372,784626978883,0,784618624896,
0,78576,784732576702,784732576702,0,784732772130,784732772817,784732783535,784732877848,784749243368,784732769796,16666666,784733039741,784733058588,784733129214,784734063568,784753397915,2022,254031,784753397915,784742644797,0,784734063568,
0,78599,784865910030,784865910030,0,784866061486,784866062093,784866068923,784866174814,784882576696,784866059288,16666666,784866388875,784866409131,784866491180,784867922433,784883007892,1672,267795,784883007892,784875560794,0,784867922433,
0,78622,784999243358,784999243358,0,784999599077,784999599257,784999610747,784999772731,785015910024,784999597191,16666666,784999971975,785000035642,785000192679,785019156024,785029193913,7768,714204,785029089697,785029193913,0,785019156024,
0,78629,785015910024,785015910024,0,785019921808,785019922351,785019922561,785019987942,785049243356,785019919937,16666666,785020151463,785029315384,785029461901,785030349673,785053842521,17078506,168074,785053041676,785053842521,0,785030349673,
0,78638,785149243352,785149243352,0,785149427512,785149428248,785149439731,785149547909,785165910018,785149424648,16666666,785149776320,785149814568,785149860801,785152101016,772216074656,4528,620898,772216074656,785165980441,0,785152101016,
0,78661,785282576680,785282576680,0,785283138757,785283139238,785283149057,785283255024,785299243346,785283136475,16666666,785283457091,785283475583,785283555717,785285936001,785299453849,2080,279210,785299453849,785291823760,0,785285936001,
0,78684,785399243342,785399243342,0,785399566267,785399566445,785399575499,785399676857,785415910008,785399565218,16666666,785399900281,785399958969,785400053657,785418711121,785432934296,1943,780815,785432934296,785425484947,0,785418711121,
0,78692,785515910004,785515910004,0,785516108634,785516109154,785516109340,785516201067,785532576670,785516106417,16666666,785516339574,785516358747,785516396321,785517646782,785532860126,2578,457402,785532860126,785526787517,0,785517646782,
0,78700,785532576670,785549243336,0,785549804885,785549805360,785549829395,785549946117,785565910002,785549801347,16666666,785550204939,785550240538,785550395472,785552155653,785561759070,2585,3424567,785561681509,785561759070,0,785552155653,
0,78723,785682576664,785682576664,0,785682722943,785682723239,785682726696,785682829604,785699243330,785682721671,16666666,785682990954,785683014157,785683070812,785686690461,785699453887,2166,277236,785699453887,785692669411,0,785686690461,
0,78746,785815909992,785815909992,0,785816103413,785816103861,785816110588,785816221283,785832576658,785816101735,16666666,785816436606,785816455530,785816541766,785820811066,785833201592,2284,544371,785833201592,785823676091,0,785820811066,
0,78754,785932576654,785932576654,0,785932716050,785932716385,785932723333,785932814897,785949243320,785932713887,16666666,785932963406,785933003984,785933061029,785934087553,785949386583,2564,213149,785949386583,785941314694,0,785934087553,
0,78769,785949243320,785949243320,0,785949395603,785949395972,785949413794,785950338432,785982576652,785949394343,16666666,785950808190,785953661698,785953776508,785963355797,785975428181,2238,110638,785975428181,785969852363,0,785963355797,
0,78783,785965909986,785965909986,0,785966280730,785966281117,785966281269,785966319035,785999243318,785966279650,16666666,785966397453,785969874171,785969910259,785971629233,785999328563,15975694,341107,785999328563,785991466597,0,785971629233,
0,78799,786015909984,786015909984,0,786016235540,786016235869,786016236017,786016332572,786032576650,786016233269,16666666,786016473272,786016518646,786016579693,786017400017,786032711930,1814,199156,786032711930,786023766825,0,786017400017,
---PROFILEDATA---


View hierarchy:

  com.ggufchat.app/com.ggufchat.app.MainActivity/android.view.ViewRootImpl@b2a2388
  48 views, 77.98 kB of render nodes

  com.ggufchat.app/com.ggufchat.app.ChatActivity/android.view.ViewRootImpl@af4c121
  41 views, 78.41 kB of render nodes


Total ViewRootImpl   : 2
Total attached Views : 89
Total RenderNode     : 156.39 kB (used) / 290.74 kB (capacity)