Applications Graphics Acceleration Info:
Uptime: 736155 Realtime: 736155

** Graphics info for pid 12750 [com.ggufchat.app] **

Stats since: 708594978842ns
Total frames rendered: 186
Janky frames: 153 (82.26%)
Janky frames (legacy): 30 (16.13%)
50th percentile: 16ms
90th percentile: 30ms
95th percentile: 32ms
99th percentile: 34ms
Number Missed Vsync: 1
Number High input latency: 10
Number Slow UI thread: 10
Number Slow bitmap uploads: 0
Number Slow issue draw commands: 150
Number Frame deadline missed: 153
Number Frame deadline missed (legacy): 28
HISTOGRAM: 5ms=0 6ms=0 7ms=0 8ms=0 9ms=2 10ms=3 11ms=2 12ms=6 13ms=6 14ms=5 15ms=2 16ms=91 17ms=24 18ms=11 19ms=3 20ms=2 21ms=1 22ms=1 23ms=2 24ms=2 25ms=3 26ms=0 27ms=1 28ms=0 29ms=0 30ms=1 31ms=0 32ms=12 34ms=5 36ms=1 38ms=0 40ms=0 42ms=0 44ms=0 46ms=0 48ms=0 53ms=0 57ms=0 61ms=0 65ms=0 69ms=0 73ms=0 77ms=0 81ms=0 85ms=0 89ms=0 93ms=0 97ms=0 101ms=0 105ms=0 109ms=0 113ms=0 117ms=0 121ms=0 125ms=0 129ms=0 133ms=0 150ms=0 200ms=0 250ms=0 300ms=0 350ms=0 400ms=0 450ms=0 500ms=0 550ms=0 600ms=0 650ms=0 700ms=0 750ms=0 800ms=0 850ms=0 900ms=0 950ms=0 1000ms=0 1050ms=0 1100ms=0 1150ms=0 1200ms=0 1250ms=0 1300ms=0 1350ms=0 1400ms=0 1450ms=0 1500ms=0 1550ms=0 1600ms=0 1650ms=0 1700ms=0 1750ms=0 1800ms=0 1850ms=0 1900ms=0 1950ms=0 2000ms=0 2050ms=0 2100ms=0 2150ms=0 2200ms=0 2250ms=0 2300ms=0 2350ms=0 2400ms=0 2450ms=0 2500ms=0 2550ms=0 2600ms=0 2650ms=0 2700ms=0 2750ms=0 2800ms=0 2850ms=0 2900ms=0 2950ms=0 3000ms=0 3050ms=0 3100ms=0 3150ms=0 3200ms=0 3250ms=0 3300ms=0 3350ms=0 3400ms=0 3450ms=0 3500ms=0 3550ms=0 3600ms=0 3650ms=0 3700ms=0 3750ms=0 3800ms=0 3850ms=0 3900ms=0 3950ms=0 4000ms=0 4050ms=0 4100ms=0 4150ms=0 4200ms=0 4250ms=0 4300ms=0 4350ms=0 4400ms=0 4450ms=0 4500ms=0 4550ms=0 4600ms=0 4650ms=0 4700ms=0 4750ms=0 4800ms=0 4850ms=0 4900ms=0 4950ms=0
50th gpu percentile: 15ms
90th gpu percentile: 17ms
95th gpu percentile: 19ms
99th gpu percentile: 4950ms
GPU HISTOGRAM: 1ms=0 2ms=0 3ms=0 4ms=0 5ms=2 6ms=2 7ms=3 8ms=5 9ms=6 10ms=5 11ms=10 12ms=9 13ms=18 14ms=33 15ms=38 16ms=34 17ms=4 18ms=4 19ms=5 20ms=1 21ms=1 22ms=1 23ms=0 24ms=1 25ms=1 4950ms=3

Pipeline=Skia (OpenGL)
Memory policy:
  Max surface area: 2073600
  Max resource usage: 99.53MB (x48)
  Background retention: 50% (altUiHidden = true)
  GPU Context timeout: 10
Contexts: 2 (stopped = 1)
CPU Caches:
  Glyph Cache: 69.34 KB (1 entry)
  Glyph Count: 22 
Total CPU memory usage:
  71004 bytes, 69.34 KB (0.00 bytes is purgeable)
GPU Caches:
  Other:
    Other: 13.67 KB (1 entry)
    Buffer Object: 464.00 bytes (2 entries)
    StencilAttachment: 36.00 KB (3 entries)
  Scratch:
    RenderTarget: 36.00 KB (2 entries)
    Texture: 2.00 MB (2 entries)
    Buffer Object: 144.00 KB (4 entries)
Total GPU memory usage:
  2332928 bytes, 2.22 MB (136.45 KB is purgeable)

GraphicBufferAllocator buffers:
        Handle |        Size |     W (Stride) x H | Layers |   Format |      Usage | Requestor
0x748646906aa0 |     unknown |  720 (   0) x 1280 |      1 |        1 | 0x     b00 | VRI[ChatActivity]#1(BLAST Consumer)1
0x7486469071f0 |     unknown |  720 (   0) x 1280 |      1 |        1 | 0x     b00 | VRI[ChatActivity]#1(BLAST Consumer)1
0x748646907af0 |     unknown |  720 (   0) x 1280 |      1 |        1 | 0x     b00 | VRI[ChatActivity]#1(BLAST Consumer)1
Total allocated by GraphicBufferAllocator (estimate): 0.00 KB
GoldfishAllocator::dumpDebugInfo is not implemented
Profile data in ms:

	com.ggufchat.app/com.ggufchat.app.MainActivity/android.view.ViewRootImpl@441a50f (visibility=8)
Window: com.ggufchat.app/com.ggufchat.app.MainActivity
Stats since: 708594134172ns
Total frames rendered: 0
Janky frames: 0 (0.00%)
Janky frames (legacy): 0 (0.00%)
50th percentile: 4950ms
90th percentile: 4950ms
95th percentile: 4950ms
99th percentile: 4950ms
Number Missed Vsync: 0
Number High input latency: 0
Number Slow UI thread: 0
Number Slow bitmap uploads: 0
Number Slow issue draw commands: 0
Number Frame deadline missed: 0
Number Frame deadline missed (legacy): 0
HISTOGRAM: 5ms=0 6ms=0 7ms=0 8ms=0 9ms=0 10ms=0 11ms=0 12ms=0 13ms=0 14ms=0 15ms=0 16ms=0 17ms=0 18ms=0 19ms=0 20ms=0 21ms=0 22ms=0 23ms=0 24ms=0 25ms=0 26ms=0 27ms=0 28ms=0 29ms=0 30ms=0 31ms=0 32ms=0 34ms=0 36ms=0 38ms=0 40ms=0 42ms=0 44ms=0 46ms=0 48ms=0 53ms=0 57ms=0 61ms=0 65ms=0 69ms=0 73ms=0 77ms=0 81ms=0 85ms=0 89ms=0 93ms=0 97ms=0 101ms=0 105ms=0 109ms=0 113ms=0 117ms=0 121ms=0 125ms=0 129ms=0 133ms=0 150ms=0 200ms=0 250ms=0 300ms=0 350ms=0 400ms=0 450ms=0 500ms=0 550ms=0 600ms=0 650ms=0 700ms=0 750ms=0 800ms=0 850ms=0 900ms=0 950ms=0 1000ms=0 1050ms=0 1100ms=0 1150ms=0 1200ms=0 1250ms=0 1300ms=0 1350ms=0 1400ms=0 1450ms=0 1500ms=0 1550ms=0 1600ms=0 1650ms=0 1700ms=0 1750ms=0 1800ms=0 1850ms=0 1900ms=0 1950ms=0 2000ms=0 2050ms=0 2100ms=0 2150ms=0 2200ms=0 2250ms=0 2300ms=0 2350ms=0 2400ms=0 2450ms=0 2500ms=0 2550ms=0 2600ms=0 2650ms=0 2700ms=0 2750ms=0 2800ms=0 2850ms=0 2900ms=0 2950ms=0 3000ms=0 3050ms=0 3100ms=0 3150ms=0 3200ms=0 3250ms=0 3300ms=0 3350ms=0 3400ms=0 3450ms=0 3500ms=0 3550ms=0 3600ms=0 3650ms=0 3700ms=0 3750ms=0 3800ms=0 3850ms=0 3900ms=0 3950ms=0 4000ms=0 4050ms=0 4100ms=0 4150ms=0 4200ms=0 4250ms=0 4300ms=0 4350ms=0 4400ms=0 4450ms=0 4500ms=0 4550ms=0 4600ms=0 4650ms=0 4700ms=0 4750ms=0 4800ms=0 4850ms=0 4900ms=0 4950ms=0
50th gpu percentile: 4950ms
90th gpu percentile: 4950ms
95th gpu percentile: 4950ms
99th gpu percentile: 4950ms
GPU HISTOGRAM: 1ms=0 2ms=0 3ms=0 4ms=0 5ms=0 6ms=0 7ms=0 8ms=0 9ms=0 10ms=0 11ms=0 12ms=0 13ms=0 14ms=0 15ms=0 16ms=0 17ms=0 18ms=0 19ms=0 20ms=0 21ms=0 22ms=0 23ms=0 24ms=0 25ms=0 4950ms=0



---PROFILEDATA---
Flags,FrameTimelineVsyncId,IntendedVsync,Vsync,InputEventId,HandleInputStart,AnimationStart,PerformTraversalsStart,DrawStart,FrameDeadline,FrameInterval,FrameStartTime,SyncQueued,SyncStart,IssueDrawCommandsStart,SwapBuffers,FrameCompleted,DequeueBufferDuration,QueueBufferDuration,GpuCompleted,SwapBuffersCompleted,DisplayPresentTime,CommandSubmissionCompleted,
---PROFILEDATA---


	com.ggufchat.app/com.ggufchat.app.ChatActivity/android.view.ViewRootImpl@8d8099c (visibility=0)
Window: com.ggufchat.app/com.ggufchat.app.ChatActivity
Stats since: 708594978554ns
Total frames rendered: 186
Janky frames: 153 (82.26%)
Janky frames (legacy): 30 (16.13%)
50th percentile: 16ms
90th percentile: 30ms
95th percentile: 32ms
99th percentile: 34ms
Number Missed Vsync: 1
Number High input latency: 10
Number Slow UI thread: 10
Number Slow bitmap uploads: 0
Number Slow issue draw commands: 150
Number Frame deadline missed: 153
Number Frame deadline missed (legacy): 28
HISTOGRAM: 5ms=0 6ms=0 7ms=0 8ms=0 9ms=2 10ms=3 11ms=2 12ms=6 13ms=6 14ms=5 15ms=2 16ms=91 17ms=24 18ms=11 19ms=3 20ms=2 21ms=1 22ms=1 23ms=2 24ms=2 25ms=3 26ms=0 27ms=1 28ms=0 29ms=0 30ms=1 31ms=0 32ms=12 34ms=5 36ms=1 38ms=0 40ms=0 42ms=0 44ms=0 46ms=0 48ms=0 53ms=0 57ms=0 61ms=0 65ms=0 69ms=0 73ms=0 77ms=0 81ms=0 85ms=0 89ms=0 93ms=0 97ms=0 101ms=0 105ms=0 109ms=0 113ms=0 117ms=0 121ms=0 125ms=0 129ms=0 133ms=0 150ms=0 200ms=0 250ms=0 300ms=0 350ms=0 400ms=0 450ms=0 500ms=0 550ms=0 600ms=0 650ms=0 700ms=0 750ms=0 800ms=0 850ms=0 900ms=0 950ms=0 1000ms=0 1050ms=0 1100ms=0 1150ms=0 1200ms=0 1250ms=0 1300ms=0 1350ms=0 1400ms=0 1450ms=0 1500ms=0 1550ms=0 1600ms=0 1650ms=0 1700ms=0 1750ms=0 1800ms=0 1850ms=0 1900ms=0 1950ms=0 2000ms=0 2050ms=0 2100ms=0 2150ms=0 2200ms=0 2250ms=0 2300ms=0 2350ms=0 2400ms=0 2450ms=0 2500ms=0 2550ms=0 2600ms=0 2650ms=0 2700ms=0 2750ms=0 2800ms=0 2850ms=0 2900ms=0 2950ms=0 3000ms=0 3050ms=0 3100ms=0 3150ms=0 3200ms=0 3250ms=0 3300ms=0 3350ms=0 3400ms=0 3450ms=0 3500ms=0 3550ms=0 3600ms=0 3650ms=0 3700ms=0 3750ms=0 3800ms=0 3850ms=0 3900ms=0 3950ms=0 4000ms=0 4050ms=0 4100ms=0 4150ms=0 4200ms=0 4250ms=0 4300ms=0 4350ms=0 4400ms=0 4450ms=0 4500ms=0 4550ms=0 4600ms=0 4650ms=0 4700ms=0 4750ms=0 4800ms=0 4850ms=0 4900ms=0 4950ms=0
50th gpu percentile: 15ms
90th gpu percentile: 17ms
95th gpu percentile: 19ms
99th gpu percentile: 4950ms
GPU HISTOGRAM: 1ms=0 2ms=0 3ms=0 4ms=0 5ms=2 6ms=2 7ms=3 8ms=5 9ms=6 10ms=5 11ms=10 12ms=9 13ms=18 14ms=33 15ms=38 16ms=34 17ms=4 18ms=4 19ms=5 20ms=1 21ms=1 22ms=1 23ms=0 24ms=1 25ms=1 4950ms=3



---PROFILEDATA---
Flags,FrameTimelineVsyncId,IntendedVsync,Vsync,InputEventId,HandleInputStart,AnimationStart,PerformTraversalsStart,DrawStart,FrameDeadline,FrameInterval,FrameStartTime,SyncQueued,SyncStart,IssueDrawCommandsStart,SwapBuffers,FrameCompleted,DequeueBufferDuration,QueueBufferDuration,GpuCompleted,SwapBuffersCompleted,DisplayPresentTime,CommandSubmissionCompleted,
0,71701,723699245810,723699245810,0,723699757751,723699758505,723699800117,723699959884,723715912476,723699753920,16666666,723700591785,723700670118,723700898590,723702605192,723717497859,3151,567114,723717497859,723710289562,0,723702605192,
0,71709,723832579138,723832579138,0,723832779109,723832779985,723832793876,723832914725,723849245804,723832774039,16666666,723833116412,723833158489,723833280568,723834666468,723849500485,3656,616599,723849500485,723841621107,0,723834666468,
0,71717,723932579134,723932579134,0,723932806874,723932807978,723932808192,723932951326,723949245800,723932801978,16666666,723933177875,723936076075,723936188350,723937613666,723949425955,2866,297286,723949425955,723943739855,0,723937613666,
0,71725,723949245800,723949245800,0,723949447238,723949447836,723949458898,723949532503,723982579132,723949444595,16666666,723949690139,723957084116,723957406691,723958522520,723979896691,9833,1029753,723979797126,723979896691,0,723958522520,
0,71733,724099245794,724099245794,0,724099447082,724099448060,724099458138,724099586243,724115912460,724099443242,16666666,724099805334,724099835474,724099919306,724101155342,724113289778,2258,254844,724113228439,724113289778,0,724101155342,
0,71741,724215912456,724215912456,0,724216514705,724216515467,724216551955,724216704849,724232579122,724216511030,16666666,724217001358,724217036154,724217124690,724219503952,724234583725,17218,587914,724234583725,724226498635,0,724219503952,
0,71749,724349245784,724349245784,0,724349437721,724349438770,724349450255,724349556445,724365912450,724349433415,16666666,724349776876,724349803535,724349881713,724352883643,724363730815,4140,1676813,724363664227,724363730815,0,724352883643,
0,71757,724432579114,724432579114,0,724432803356,724432804053,724432804248,724432964511,724449245780,724432798909,16666666,724433228093,724433255127,724433361894,724434426397,724449457188,2993,263598,724449457188,724440072546,0,724434426397,
0,71765,724482579112,724482579112,0,724482734891,724482735506,724482745664,724482853088,724499245778,724482731291,16666666,724483058382,724483078876,724483175160,724484107076,724493447585,2696,310456,724493368222,724493447585,0,724484107076,
0,71773,724599245774,724599245774,0,724599485513,724599486004,724599494911,724599581394,724615912440,724599482335,16666666,724599766920,724599788481,724599875996,724602358177,724616440363,2671,557209,724616440363,724610168639,0,724602358177,
0,71781,724732579102,724732579102,0,724732761549,724732762309,724732770329,724732863875,724749245768,724732757264,16666666,724733039412,724733077074,724733158372,724734031064,724749493842,2541,137616,724749493842,724741073198,0,724734031064,
0,71789,724865912430,724865912430,0,724867698124,724867699408,724867743062,724867922241,724882579096,724867691746,16666666,724868365374,724868406400,724868533418,724870440561,724882815619,5781,562773,724882815619,724877661223,0,724870440561,
0,71797,724932579094,724932579094,0,724932802687,724932803346,724932803547,724932956430,724949245760,724932798794,16666666,724933229653,724933266507,724933383387,724935140845,724949518900,3012,458276,724949518900,724939152196,0,724935140845,
0,71805,724999245758,724999245758,0,724999417510,724999418047,724999426796,724999511394,725015912424,724999413594,16666666,724999675965,724999699910,724999770120,725000711417,725016061866,2890,230738,725016061866,725009902100,0,725000711417,
0,71813,725132579086,725132579086,0,725132920520,725132921300,725132957340,725133108537,725149245752,725132916817,16666666,725133531271,725133567865,725133666370,725136639739,725149506694,5519,509971,725149506694,725144735594,0,725136639739,
0,71821,725249245748,725249245748,0,725249712575,725249713087,725249745688,725249874975,725265912414,725249709780,16666666,725250144969,725250179107,725250260715,725251259854,725266233256,2184,366080,725266233256,725257815948,0,725251259854,
0,71829,725382579076,725382579076,0,725383411927,725383412384,725383445646,725383590838,725399245742,725383408568,16666666,725383938771,725383991599,725384127324,725387801953,725399782042,2730,423549,725399782042,725392572757,0,725387801953,
0,71837,725432579074,725432579074,0,725433332647,725433333167,725433333400,725433525300,725449245740,725433328280,16666666,725433791052,725433835219,725433929253,725437894393,725449485007,2220,333672,725449485007,725440613252,0,725437894393,
0,71845,725532579070,725532579070,0,725533357422,725533358046,725533392453,725533538303,725549245736,725533354548,16666666,725533844946,725533899715,725534008033,725536081434,725546150241,2560,445365,725546104857,725546150241,0,725536081434,
0,71853,725649245732,725649245732,0,725649595633,725649596213,725649632204,725649776229,725665912398,725649592299,16666666,725650095203,725650137742,725650230260,725654337783,725660605468,2224,384308,725660546262,725660605468,0,725654337783,
0,71861,725765912394,725765912394,0,725766071568,725766071964,725766079020,725766152336,725782579060,725766068382,16666666,725766336719,725766358587,725766418810,725768424692,725778415700,3487,240649,725778368592,725778415700,0,725768424692,
0,71869,725882579056,725882579056,0,725883401670,725883403008,725883437708,725883578516,725899245722,725883398102,16666666,725883873749,725883906096,725883990092,725885842562,725901485441,2679,246486,725901485441,725890011659,0,725885842562,
0,71877,725932579054,725932579054,0,725932772888,725932773544,725932773803,725932921125,725949245720,725932769485,16666666,725933181613,725933209849,725933327612,725934595107,725949672567,2514,281258,725949672567,725941132226,0,725934595107,
0,71885,726015912384,726015912384,0,726016538247,726016539026,726016577218,726016857085,726032579050,726016534592,16666666,726017349674,726017378856,726017490321,726018866974,726030450169,2926,2015146,726030389227,726030450169,0,726018866974,
0,71893,726032579050,726032579050,0,726033807346,726033807704,726033807949,726033952424,726049245716,726033804744,16666666,726034186144,726034214599,726034341009,726035821460,726066065943,1768451,355390,726066065943,726056273959,0,726035821460,
0,71901,726165912378,726165912378,0,726166106922,726166107766,726166122102,726166222490,726182579044,726166103303,16666666,726166446342,726166470506,726166537396,726167905614,726180500922,3452,764535,726180430112,726180500922,0,726167905614,
0,71909,726299245706,726299245706,0,726299633362,726299634160,726299643346,726299756369,726315912372,726299628534,16666666,726299994553,726300050341,726300155306,726301337586,726316098423,3047,244917,726316098423,726307393074,0,726301337586,
0,71917,726432579034,726432579034,0,726432887352,726432888145,726432888372,726433010852,726449245700,726432884410,16666666,726433207765,726433230345,726433334148,726434782919,726449463439,2978,549234,726449463439,726443751092,0,726434782919,
0,71925,726449245700,726449245700,0,726459900872,726459901499,726459932939,726460091489,726482579032,726459897633,16666666,726460457663,726460479934,726460569834,726461700428,726472592349,2540,545405,726472526571,726472592349,0,726461700428,
0,71933,726582579028,726582579028,0,726583560568,726583561800,726583607117,726583784353,726599245694,726583554946,16666666,726584192152,726584231027,726584337633,726586419664,726596451962,515938,1016050,726595818858,726596451962,0,726586419664,
0,71941,726699245690,726699245690,0,726699961552,726699962679,726699976795,726700116830,726715912356,726699957055,16666666,726700363398,726700392375,726700488811,726701411501,726716232832,3108,323052,726716232832,726709138792,0,726701411501,
0,71949,726832579018,726832579018,0,726833320862,726833321826,726833366893,726833565059,726849245684,726833314803,16666666,726833968786,726834020258,726834137998,726835797908,726849438392,2879,199136,726849438392,726841719382,0,726835797908,
0,71957,726932579014,726932579014,0,726933033602,726933034198,726933034390,726933129832,726949245680,726933029587,16666666,726933312498,726933486138,726933669671,726935042755,726948532586,6879,1019203,726947075896,726948532586,0,726935042755,
0,71965,726949245680,726949245680,0,726960950163,726960950609,726960983088,726961092740,726965912346,726960947828,16666666,726961378314,726961403434,726961584124,726968655973,726973477711,2470,636870,726973395308,726973477711,0,726968655973,
0,71973,727082579008,727082579008,0,727082850130,727082851078,727082860801,727082942392,727099245674,727082846466,16666666,727083728202,727083811270,727083909088,727087206455,727099658225,2828,194158,727099658225,727094559743,0,727087206455,
0,72009,727199245670,727199245670,0,727199888718,727199889076,727199894898,727200003175,727215912336,727199886821,16666666,727200324914,727201230262,727201321825,727202551418,727218389040,22686,239772,727218389040,727209329232,0,727202551418,
0,72024,727215912336,727215912336,0,727229390954,727229391419,727229391631,727229530876,727249245668,727229387255,16666666,727229672442,727229708817,727230033493,727231201687,727249492447,2694,247404,727249492447,727240670192,0,727231201687,
0,72040,727365912330,727365912330,0,727366293846,727366294244,727366325575,727366455343,727382578996,727366290672,16666666,727366800817,727366827121,727366969761,727368910493,727382856148,2583,591950,727382856148,727373563983,0,727368910493,
0,72063,727449245660,727449245660,0,727449474253,727449474650,727449474870,727449587488,727465912326,727449471701,16666666,727449799162,727452068014,727452157115,727453238315,727463598461,13949,404963,727463528907,727463598461,0,727453238315,
0,72071,727515912324,727515912324,0,727516340401,727516340902,727516350469,727516425554,727532578990,727516337814,16666666,727516568495,727516589533,727516643024,727518721198,727532975650,2036,355512,727532975650,727523854057,0,727518721198,
0,72094,727665912318,727665912318,0,727666290686,727666291149,727666324792,727666465022,727682578984,727666262775,16666666,727666743280,727666771597,727666868887,727667804747,727678235331,2836,402501,727678147145,727678235331,0,727667804747,
0,72102,727782578980,727782578980,0,727782894195,727782894886,727782930867,727783076694,727799245646,727782890506,16666666,727783763293,727783797474,727783898560,727786114755,727799490161,2401,160937,727799490161,727792843874,0,727786114755,
0,72125,727915912308,727915912308,0,727916125456,727916125910,727916131194,727916217843,727932578974,727916122102,16666666,727916384792,727916401979,727916467535,727919661594,727932889135,2610,481486,727932889135,727928702385,0,727919661594,
0,72133,727949245640,727949245640,0,727949528121,727949528644,727949528784,727949648601,727965912306,727949524927,16666666,727949850410,727949875957,727949962744,727952975958,727966377899,3384,483846,727966377899,727959093737,0,727952975958,
0,72156,728082578968,728082578968,0,728083924131,728083924650,728083950624,728084256422,728099245634,728083791373,16666666,728084689895,728084739193,728084811785,728087042020,728099676430,3613,376767,728099676430,728092636083,0,728087042020,
0,72164,728199245630,728199245630,0,728199658721,728199659302,728199698433,728199851143,728215912296,728199655494,16666666,728200206477,728200237882,728200378748,728201663760,728216149885,3088,564750,728216149885,728210241692,0,728201663760,
0,72187,728332578958,728332578958,0,728332943993,728332944590,728332977147,728333122232,728349245624,728332941106,16666666,728333436675,728333464813,728333561034,728334488517,728349459117,2577,191683,728349459117,728341466424,0,728334488517,
0,72210,728465912286,728465912286,0,728466224953,728466225715,728466225889,728466390800,728482578952,728466220571,16666666,728466608901,728466654653,728466757480,728467616899,728482746155,3664,356241,728482746155,728480931573,0,728467616899,
0,72218,728482578952,728482578952,0,728496301909,728496302439,728496336477,728496453890,728515912284,728496297869,16666666,728496721146,728497168328,728498553546,728500734232,728513195501,1912,238506,728513149596,728513195501,0,728500734232,
0,72241,728632578946,728632578946,0,728632821329,728632821849,728632833103,728632907313,728649245612,728632819727,16666666,728637029618,728645987001,728646153353,728647537543,728666751335,2064,134977,728666751335,728654535523,0,728647537543,
0,72249,728765912274,728765912274,0,728766474310,728766474957,728766486933,728766582449,728782578940,728766470589,16666666,728766783097,728766806454,728766881606,728770091910,728782844336,12437,827229,728782844336,728775253543,0,728770091910,
0,72272,728899245602,728899245602,0,728899630469,728899631102,728899642235,728899736456,728915912268,728899626350,16666666,728899923948,728900295734,728900375806,728902503320,728916140421,2151,289827,728916140421,728908845945,0,728902503320,
0,72280,728965912266,728965912266,0,728966096372,728966097012,728966097275,728966239603,728982578932,728966092708,16666666,728966494382,728966517486,728966613683,728969706641,728982820477,2996,382452,728982820477,728976843904,0,728969706641,
0,72303,729065912262,729065912262,0,729068979864,729068980515,729069021328,729069174209,729082578928,729068976351,16666666,729069510259,729069546082,729069646910,729074617467,729083032267,2341,252002,729083032267,729078309535,0,729074617467,
0,72311,729182578924,729182578924,0,729183378121,729183378922,729183422989,729183591437,729199245590,729183373506,16666666,729183903172,729183939558,729184099473,729188761812,729195089692,5207,724224,729194971206,729195089692,0,729188761812,
0,72334,729315912252,729315912252,0,729316306183,729316306710,729316319503,729316415905,729332578918,729316302284,16666666,729316612701,729316636214,729316711273,729320952908,729333008505,10018,943097,729333008505,729329054249,0,729320952908,
0,72357,729432578914,729449245580,0,729449950170,729449950567,729449983805,729450119905,729449245580,729449946465,16666666,729450449039,729450616850,729450889548,729452122990,729466053688,2309,238501,729466053688,729461923600,0,729452122990,
0,72365,729465912246,729465912246,0,729479513630,729479514275,729479514481,729479585901,729499245578,729479512076,16666666,729480444213,729480534438,729480569178,729481936568,729499349041,2186,167067,729499349041,729489607831,0,729481936568,
0,72373,729599245574,729599245574,0,729599566788,729599567643,729599581029,729599697671,729615912240,729599562564,16666666,729599931819,729599960617,729600564909,729602068601,729620754201,2550,268414,729620675023,729620754201,0,729602068601,
0,72395,729732578902,729732578902,0,729732771422,729732772002,729732782895,729732900886,729749245568,729732767582,16666666,729733128315,729733155069,729733278488,729735603895,729749101087,3851,477602,729749035003,729749101087,0,729735603895,
0,72418,729865912230,729865912230,0,729866417455,729866418004,729866428947,729866509333,729882578896,729866415852,16666666,729866665341,729866683487,729866743313,729867636428,729883158192,2650,285633,729883158192,729874012062,0,729867636428,
0,72426,729965912226,729965912226,0,729966097794,729966098391,729966098578,729966236996,729982578892,729966094794,16666666,729966488511,729966516560,729966603759,729968453441,729982964537,2637,421625,729982964537,729974192773,0,729968453441,
0,72434,729999245558,729999245558,0,729999557352,729999557887,729999566824,729999643589,730015912224,729999554815,16666666,729999807661,729999825047,729999893798,730001051948,730016490752,21585,406185,730016490752,730008266104,0,730001051948,
0,72457,730149245552,730149245552,0,730149602380,730149603418,730149638279,730149785354,730165912218,730149599584,16666666,730150140334,730150170872,730150326471,730152267402,730166126358,2646,446047,730166126358,730157992878,0,730152267402,
0,72480,730282578880,730282578880,0,730282734996,730282735546,730282743317,730282831928,730299245546,730282732248,16666666,730283007975,730283028863,730283097611,730284771677,730299588831,1780,168691,730299588831,730290630583,0,730284771677,
0,72488,730415912208,730415912208,0,730416363289,730416363717,730416399820,730416715252,730432578874,730416360176,16666666,730417182510,730417202791,730417371791,730419145737,730433979567,1928,148354,730433979567,730424749528,0,730419145737,
0,72503,730432578874,730432578874,0,730434191952,730434192406,730434192584,730434342502,730465912206,730434189686,16666666,730434933815,730434960582,730435088407,730447046579,730467664438,1682,154917,730467664438,730452914203,0,730447046579,
0,72518,730465912206,730465912206,0,730467987800,730467988261,730467988477,730468200536,730499245538,730467985235,16666666,730468453667,730468481024,730468606131,730485193880,730501614928,1890,309764,730501614928,730492101557,0,730485193880,
0,72526,730565912202,730565912202,0,730566124759,730566125215,730566132924,730566191255,730582578868,730566122325,16666666,730566352506,730566397306,730566472634,730567401674,730582775620,3352,245193,730582775620,730573474357,0,730567401674,
0,72549,730715912196,730715912196,0,730716081113,730716081540,730716089508,730716161924,730732578862,730716078568,16666666,730716360430,730716383004,730716451316,730723122808,730734353958,2869,1009963,730734353958,730727452306,0,730723122808,
0,72564,730832578858,730832578858,0,730833223526,730833224012,730833273384,730833386513,730849245524,730833220727,16666666,730833653000,730834065127,730834156453,730837377803,730849442775,1981,411346,730849442775,730844883168,0,730837377803,
0,72579,730965912186,730965912186,0,730966120742,730966121250,730966129474,730966209488,730982578852,730966116903,16666666,730966416677,730966440400,730966521937,730969986600,730982924023,2725,494674,730982924023,730975325666,0,730969986600,
0,72587,730982578852,730982578852,0,730983092753,730983093208,730983093415,730983197837,731015912184,730983090110,16666666,730983418248,730983430510,730983482000,731000753426,731008502372,3568,486054,731008307020,731008502372,0,731000753426,
0,72610,731115912180,731115912180,0,731116267702,731116268119,731116294956,731116414332,731132578846,731116265325,16666666,731116669653,731116694146,731116778573,731118024455,731127893797,1483,246500,731127842402,731127893797,0,731118024455,
0,72625,731232578842,731232578842,0,731233113063,731233113523,731233143362,731233287836,731249245508,731233110590,16666666,731233549640,731234042712,731234111773,731235053795,731249453523,3725,453286,731249453523,731241874949,0,731235053795,
0,72640,731349245504,731349245504,0,731349363707,731349364063,731349368923,731349426554,731365912170,731349361372,16666666,731349555384,731349571202,731349627220,731351345473,731361414684,2278,449717,731361188688,731361414684,0,731351345473,
0,72663,731482578832,731482578832,0,731482704246,731482704666,731482704875,731482791668,731499245498,731482702440,16666666,731482939782,731482958970,731483020186,731485511503,731500661268,1963,247017,731500602389,731500661268,0,731485511503,
0,72670,731499245498,731499245498,0,731499802552,731499802983,731499836410,731499967523,731532578830,731499800013,16666666,731500308533,731500698019,731500773643,731503537944,731532486418,18007619,192706,731514400062,731532486418,0,731503537944,
0,72686,731632578826,731632578826,0,731632921964,731632922627,731632948165,731633064156,731649245492,731632918848,16666666,731633369779,731633860846,731633932950,731639833580,731669826316,2094,355130,731669752437,731669826316,0,731639833580,
0,72702,731782578820,731782578820,0,731783962828,731783963659,731783998832,731784156812,731799245486,731783959686,16666666,731784498926,731784529126,731784772137,731791966687,731799408677,2610,1286067,731799408677,731794564278,0,731791966687,
0,72725,731915912148,731915912148,0,731916253296,731916253865,731916282928,731916506088,731932578814,731916250632,16666666,731916914049,731916935366,731917023212,731918850805,731932832912,4193,452278,731932832912,731927882903,0,731918850805,
0,72733,731932578814,731932578814,0,731948781545,731948781971,731948782177,731948900766,731965912146,731948779357,16666666,731949021200,731949064899,731949159282,731951382776,731966079329,1574,387625,731966079329,731959254764,0,731951382776,
0,72741,731982578812,731982578812,0,731982733952,731982734417,731982734592,731982816175,731999245478,731982731130,16666666,731982973042,731982989472,731983055651,731986128622,731999424807,1613,101548,731999424807,731993325426,0,731986128622,
0,72764,732065912142,732065912142,0,732066345864,732066346314,732066353985,732066412055,732082578808,732066342943,16666666,732066630435,732066652469,732066717945,732068844100,732076318528,3523,288543,732075649589,732076318528,0,732068844100,
0,72772,732199245470,732199245470,0,732199989945,732199990435,732200047518,732200160686,732215912136,732199987347,16666666,732200704891,732200739114,732200839742,732202442195,732216315978,4149,1027523,732216315978,732210852595,0,732202442195,
0,72795,732349245464,732349245464,0,732349404820,732349405349,732349415412,732349498412,732365912130,732349401305,16666666,732349664675,732349702621,732349790217,732353576087,732366192456,2459,584934,732366192456,732362167948,0,732353576087,
0,72818,732482578792,732482578792,0,732483354905,732483355378,732483389508,732483526441,732499245458,732483352301,16666666,732483829647,732483936723,732484059295,732488250082,732499660655,4095,405425,732499660655,732494985055,0,732488250082,
0,72826,732499245458,732499245458,0,732499882515,732499882920,732499883092,732500047564,732532578790,732499880268,16666666,732500263952,732513882155,732514243936,732516738653,732532775370,2519,430201,732532775370,732521828990,0,732516738653,
0,72834,732599245454,732599245454,0,732599683248,732599683691,732599693096,732599773826,732615912120,732599679498,16666666,732599932630,732600031406,732600114775,732604312415,732616296841,2475,258512,732616296841,732610755478,0,732604312415,
0,72857,732749245448,732749245448,0,732749418886,732749419365,732749430217,732749526320,732765912114,732749416996,16666666,732749736132,732749791568,732749879618,732755697678,732766270095,3003,394212,732766270095,732760968899,0,732755697678,
0,72880,732865912110,732865912110,0,732866042438,732866042866,732866051550,732866167178,732882578776,732866038851,16666666,732866431231,732866595541,732866689590,732869407674,732883497848,2139,147033,732883497848,732873241091,0,732869407674,
0,72888,732999245438,732999245438,0,732999536584,732999537527,732999537738,732999645925,733015912104,732999531806,16666666,732999840957,732999868475,732999954641,733001522438,733016208943,2896,631397,733016208943,733010566758,0,733001522438,
0,72896,733015912104,733015912104,0,733016475526,733016476131,733016507654,733016670087,733049245436,733016472965,16666666,733016917583,733016937669,733017052589,733035750127,733043709156,5154,1441240,733043648731,733043709156,0,733035750127,
0,72918,733132578766,733132578766,0,733132749764,733132750703,733132761124,733132850646,733149245432,733132746785,16666666,733133034101,733133061418,733133132061,733135907036,733149440953,11294,584059,733149440953,733146720910,0,733135907036,
0,72941,733282578760,733282578760,0,733282933630,733282934347,733282967877,733283104820,733299245426,733282930160,16666666,733283441745,733283479876,733283585923,733286997570,733295659205,2221,241224,733295599277,733295659205,0,733286997570,
0,72949,733399245422,733399245422,0,733399599690,733399600327,733399610049,733399691024,733415912088,733399596517,16666666,733399861280,733399885681,733399949258,733403754139,733416866839,3302,1144167,733416866839,733407294574,0,733403754139,
0,72972,733499245418,733499245418,0,733499772096,733499772560,733499772779,733499909535,733515912084,733499768918,16666666,733500164106,733500188993,733500285796,733507768056,733516108017,1792,212796,733516108017,733513965430,0,733507768056,
0,72980,733549245416,733549245416,0,733549810600,733549811103,733549820829,733549897283,733565912082,733549807357,16666666,733550056817,733550084219,733550144207,733552308263,733582751637,1592,291530,733582751637,733567478747,0,733552308263,
0,73003,733699245410,733699245410,0,733699699997,733699700457,733699712280,733699804651,733715912076,733699696957,16666666,733700186472,733700226644,733700310984,733704486214,733712954254,19087,450981,733712816765,733712954254,0,733704486214,
0,73018,733832578738,733832578738,0,733832749923,733832750805,733832763104,733832865181,733849245404,733832746287,16666666,733833062165,733833378139,733833454056,733834756779,733849397030,2191,239195,733849397030,733843635762,0,733834756779,
0,73034,733965912066,733965912066,0,733966854928,733966855406,733966894416,733967041213,733982578732,733966852288,16666666,733967378350,733967414936,733967524339,733969102426,733983041594,2356,371280,733983041594,733974922260,0,733969102426,
0,73042,733999245398,733999245398,0,733999581696,733999582137,733999582359,733999734076,734015912064,733999579250,16666666,734000063790,734000094826,734000241446,734001389467,734018454824,12982,419381,734018454824,734009557463,0,734001389467,
0,73065,734115912060,734115912060,0,734116502069,734116502515,734116540491,734116778597,734132578726,734116499291,16666666,734117182163,734117252879,734117354678,734119761458,734132776109,1914,156589,734132776109,734126883176,0,734119761458,
0,73088,734249245388,734249245388,0,734264711219,734264711397,734264746613,734264914079,734265912054,734264708928,16666666,734265300876,734266276641,734266636393,734270825759,734283189561,2719,513538,734283035023,734283189561,0,734270825759,
0,73103,734382578716,734382578716,0,734382863673,734382864332,734382898852,734383020892,734399245382,734382860710,16666666,734383332078,734383363418,734383501361,734384928706,734399602022,2065,308360,734399602022,734395292739,0,734384928706,
0,73126,734499245378,734499245378,0,734499642478,734499643009,734499643146,734499765746,734515912044,734499639952,16666666,734499941272,734499967537,734500063970,734501678922,734512667977,2379,718372,734512591989,734512667977,0,734501678922,
0,73134,734515912044,734515912044,0,734516411825,734516412466,734516421536,734516493512,734532578710,734516410652,16666666,734516670289,734516683786,734516773827,734532667305,734549421312,2502,479627,734549421312,734539887826,0,734532667305,
0,73157,734649245372,734649245372,0,734649550987,734649551412,734649560186,734650151124,734665912038,734649548259,16666666,734650324159,734650339731,734650392841,734664894635,734682919919,1940,153510,734682919919,734671695565,0,734664894635,
0,73165,734799245366,734799245366,0,734799460901,734799461629,734799472186,734799570082,734815912032,734799457212,16666666,734799779144,734799800795,734799887276,734802482607,734816687828,2612,537907,734816687828,734810588531,0,734802482607,
0,73188,734932578694,734932578694,0,734932787644,734932788361,734932798559,734932895637,734949245360,734932783595,16666666,734933089472,734933417588,734933828596,734935742875,734949453967,2323,189725,734949453967,734941479949,0,734935742875,
0,73196,734999245358,734999245358,0,734999743555,734999744162,734999744302,734999911911,735015912024,734999740807,16666666,735000189761,735000238972,735000327137,735001359576,735016272732,2415,288509,735016272732,735006130364,0,735001359576,
0,73219,735099245354,735099245354,0,735099846511,735099847085,735099878721,735100081638,735115912020,735099843786,16666666,735100718347,735100746995,735100843087,735103092174,735116123074,3916,454565,735116123074,735109907530,0,735103092174,
0,73227,735215912016,735215912016,0,735216340333,735216341198,735216352934,735216450509,735232578682,735216336330,16666666,735216666970,735216691645,735216759947,735218662671,735232902345,2534,521240,735232902345,735224373290,0,735218662671,
0,73250,735365912010,735365912010,0,735366477348,735366477981,735366511041,735366645821,735382578676,735366474348,16666666,735366934983,735366965598,735367060771,735368673434,735382774405,4653,251186,735382774405,735375938791,0,735368673434,
0,73273,735482578672,735482578672,0,735482726149,735482726805,735482737861,735482841694,735499245338,735482723273,16666666,735483037100,735483058167,735483132032,735487313118,735499384861,1966,610610,735499384861,735492190621,0,735487313118,
0,73281,735499245338,735499245338,0,735515751269,735515751740,735515751953,735515863674,735532578670,735515749884,16666666,735516241213,735516251761,735516473264,735518157977,735532734843,8122,3003996,735532734843,735526065114,0,735518157977,
0,73289,735632578666,735632578666,0,735632744600,735632745331,735632756247,735632835928,735649245332,735632740785,16666666,735633020345,735633065287,735633140953,735633999560,735649381968,2788,114033,735649381968,735639714727,0,735633999560,
0,73304,735649245332,735649245332,0,735649418841,735649419314,735649438759,735651589131,735682578664,735649417492,16666666,735652633265,735662088601,735662211886,735665276415,735682796019,1663,79264,735682796019,735673831531,0,735665276415,
0,73319,735665911998,735665911998,0,735666073994,735666074686,735666074891,735666113074,735715911996,735666072923,16666666,735666224098,735673852198,735673879124,735674979838,735699336699,101483,239713,735699336699,735692092295,0,735674979838,
0,73335,735999245318,735999245318,0,735999444658,735999445414,735999445585,735999575572,736015911984,735999440831,16666666,735999881491,736000581555,736000685503,736001786170,736016132710,4805,341573,736016132710,736008342414,0,736001786170,
---PROFILEDATA---


View hierarchy:

  com.ggufchat.app/com.ggufchat.app.MainActivity/android.view.ViewRootImpl@441a50f
  43 views, 70.44 kB of render nodes

  com.ggufchat.app/com.ggufchat.app.ChatActivity/android.view.ViewRootImpl@8d8099c
  41 views, 78.41 kB of render nodes


Total ViewRootImpl   : 2
Total attached Views : 84
Total RenderNode     : 148.84 kB (used) / 283.20 kB (capacity)