Applications Graphics Acceleration Info:
Uptime: 143879 Realtime: 143879

** Graphics info for pid 4731 [com.ggufchat.app] **

Stats since: 109373017866ns
Total frames rendered: 304
Janky frames: 215 (70.72%)
Janky frames (legacy): 158 (51.97%)
50th percentile: 20ms
90th percentile: 48ms
95th percentile: 57ms
99th percentile: 65ms
Number Missed Vsync: 31
Number High input latency: 123
Number Slow UI thread: 35
Number Slow bitmap uploads: 0
Number Slow issue draw commands: 212
Number Frame deadline missed: 215
Number Frame deadline missed (legacy): 103
HISTOGRAM: 5ms=0 6ms=0 7ms=2 8ms=1 9ms=1 10ms=2 11ms=7 12ms=2 13ms=5 14ms=2 15ms=7 16ms=77 17ms=32 18ms=9 19ms=3 20ms=3 21ms=0 22ms=2 23ms=1 24ms=3 25ms=3 26ms=4 27ms=5 28ms=2 29ms=3 30ms=7 31ms=6 32ms=27 34ms=15 36ms=6 38ms=3 40ms=9 42ms=6 44ms=8 46ms=6 48ms=10 53ms=6 57ms=8 61ms=4 65ms=6 69ms=0 73ms=0 77ms=1 81ms=0 85ms=0 89ms=0 93ms=0 97ms=0 101ms=0 105ms=0 109ms=0 113ms=0 117ms=0 121ms=0 125ms=0 129ms=0 133ms=0 150ms=0 200ms=0 250ms=0 300ms=0 350ms=0 400ms=0 450ms=0 500ms=0 550ms=0 600ms=0 650ms=0 700ms=0 750ms=0 800ms=0 850ms=0 900ms=0 950ms=0 1000ms=0 1050ms=0 1100ms=0 1150ms=0 1200ms=0 1250ms=0 1300ms=0 1350ms=0 1400ms=0 1450ms=0 1500ms=0 1550ms=0 1600ms=0 1650ms=0 1700ms=0 1750ms=0 1800ms=0 1850ms=0 1900ms=0 1950ms=0 2000ms=0 2050ms=0 2100ms=0 2150ms=0 2200ms=0 2250ms=0 2300ms=0 2350ms=0 2400ms=0 2450ms=0 2500ms=0 2550ms=0 2600ms=0 2650ms=0 2700ms=0 2750ms=0 2800ms=0 2850ms=0 2900ms=0 2950ms=0 3000ms=0 3050ms=0 3100ms=0 3150ms=0 3200ms=0 3250ms=0 3300ms=0 3350ms=0 3400ms=0 3450ms=0 3500ms=0 3550ms=0 3600ms=0 3650ms=0 3700ms=0 3750ms=0 3800ms=0 3850ms=0 3900ms=0 3950ms=0 4000ms=0 4050ms=0 4100ms=0 4150ms=0 4200ms=0 4250ms=0 4300ms=0 4350ms=0 4400ms=0 4450ms=0 4500ms=0 4550ms=0 4600ms=0 4650ms=0 4700ms=0 4750ms=0 4800ms=0 4850ms=0 4900ms=0 4950ms=0
50th gpu percentile: 15ms
90th gpu percentile: 4950ms
95th gpu percentile: 4950ms
99th gpu percentile: 4950ms
GPU HISTOGRAM: 1ms=0 2ms=0 3ms=0 4ms=0 5ms=1 6ms=5 7ms=8 8ms=14 9ms=12 10ms=6 11ms=18 12ms=19 13ms=25 14ms=34 15ms=49 16ms=21 17ms=9 18ms=8 19ms=5 20ms=3 21ms=5 22ms=3 23ms=5 24ms=3 25ms=6 4950ms=45

Pipeline=Skia (OpenGL)
Memory policy:
  Max surface area: 2073600
  Max resource usage: 99.53MB (x48)
  Background retention: 50% (altUiHidden = true)
  GPU Context timeout: 10
Contexts: 2 (stopped = 1)
CPU Caches:
  Glyph Cache: 62.44 KB (1 entry)
  Glyph Count: 22 
Total CPU memory usage:
  63943 bytes, 62.44 KB (0.00 bytes is purgeable)
GPU Caches:
  Other:
    Other: 13.67 KB (1 entry)
    Buffer Object: 464.00 bytes (2 entries)
    StencilAttachment: 36.00 KB (3 entries)
  Scratch:
    RenderTarget: 36.00 KB (2 entries)
    Texture: 2.00 MB (2 entries)
    Buffer Object: 144.00 KB (4 entries)
Total GPU memory usage:
  2332928 bytes, 2.22 MB (136.45 KB is purgeable)

GraphicBufferAllocator buffers:
        Handle |        Size |     W (Stride) x H | Layers |   Format |      Usage | Requestor
0x748646906b30 |     unknown |  720 (   0) x 1280 |      1 |        1 | 0x     b00 | VRI[ChatActivity]#1(BLAST Consumer)1
0x7486469071f0 |     unknown |  720 (   0) x 1280 |      1 |        1 | 0x     b00 | VRI[ChatActivity]#1(BLAST Consumer)1
0x748646907670 |     unknown |  720 (   0) x 1280 |      1 |        1 | 0x     b00 | VRI[ChatActivity]#1(BLAST Consumer)1
Total allocated by GraphicBufferAllocator (estimate): 0.00 KB
GoldfishAllocator::dumpDebugInfo is not implemented
Profile data in ms:

	com.ggufchat.app/com.ggufchat.app.MainActivity/android.view.ViewRootImpl@515af35 (visibility=8)
Window: com.ggufchat.app/com.ggufchat.app.MainActivity
Stats since: 109373000393ns
Total frames rendered: 0
Janky frames: 0 (0.00%)
Janky frames (legacy): 0 (0.00%)
50th percentile: 4950ms
90th percentile: 4950ms
95th percentile: 4950ms
99th percentile: 4950ms
Number Missed Vsync: 0
Number High input latency: 0
Number Slow UI thread: 0
Number Slow bitmap uploads: 0
Number Slow issue draw commands: 0
Number Frame deadline missed: 0
Number Frame deadline missed (legacy): 0
HISTOGRAM: 5ms=0 6ms=0 7ms=0 8ms=0 9ms=0 10ms=0 11ms=0 12ms=0 13ms=0 14ms=0 15ms=0 16ms=0 17ms=0 18ms=0 19ms=0 20ms=0 21ms=0 22ms=0 23ms=0 24ms=0 25ms=0 26ms=0 27ms=0 28ms=0 29ms=0 30ms=0 31ms=0 32ms=0 34ms=0 36ms=0 38ms=0 40ms=0 42ms=0 44ms=0 46ms=0 48ms=0 53ms=0 57ms=0 61ms=0 65ms=0 69ms=0 73ms=0 77ms=0 81ms=0 85ms=0 89ms=0 93ms=0 97ms=0 101ms=0 105ms=0 109ms=0 113ms=0 117ms=0 121ms=0 125ms=0 129ms=0 133ms=0 150ms=0 200ms=0 250ms=0 300ms=0 350ms=0 400ms=0 450ms=0 500ms=0 550ms=0 600ms=0 650ms=0 700ms=0 750ms=0 800ms=0 850ms=0 900ms=0 950ms=0 1000ms=0 1050ms=0 1100ms=0 1150ms=0 1200ms=0 1250ms=0 1300ms=0 1350ms=0 1400ms=0 1450ms=0 1500ms=0 1550ms=0 1600ms=0 1650ms=0 1700ms=0 1750ms=0 1800ms=0 1850ms=0 1900ms=0 1950ms=0 2000ms=0 2050ms=0 2100ms=0 2150ms=0 2200ms=0 2250ms=0 2300ms=0 2350ms=0 2400ms=0 2450ms=0 2500ms=0 2550ms=0 2600ms=0 2650ms=0 2700ms=0 2750ms=0 2800ms=0 2850ms=0 2900ms=0 2950ms=0 3000ms=0 3050ms=0 3100ms=0 3150ms=0 3200ms=0 3250ms=0 3300ms=0 3350ms=0 3400ms=0 3450ms=0 3500ms=0 3550ms=0 3600ms=0 3650ms=0 3700ms=0 3750ms=0 3800ms=0 3850ms=0 3900ms=0 3950ms=0 4000ms=0 4050ms=0 4100ms=0 4150ms=0 4200ms=0 4250ms=0 4300ms=0 4350ms=0 4400ms=0 4450ms=0 4500ms=0 4550ms=0 4600ms=0 4650ms=0 4700ms=0 4750ms=0 4800ms=0 4850ms=0 4900ms=0 4950ms=0
50th gpu percentile: 4950ms
90th gpu percentile: 4950ms
95th gpu percentile: 4950ms
99th gpu percentile: 4950ms
GPU HISTOGRAM: 1ms=0 2ms=0 3ms=0 4ms=0 5ms=0 6ms=0 7ms=0 8ms=0 9ms=0 10ms=0 11ms=0 12ms=0 13ms=0 14ms=0 15ms=0 16ms=0 17ms=0 18ms=0 19ms=0 20ms=0 21ms=0 22ms=0 23ms=0 24ms=0 25ms=0 4950ms=0



---PROFILEDATA---
Flags,FrameTimelineVsyncId,IntendedVsync,Vsync,InputEventId,HandleInputStart,AnimationStart,PerformTraversalsStart,DrawStart,FrameDeadline,FrameInterval,FrameStartTime,SyncQueued,SyncStart,IssueDrawCommandsStart,SwapBuffers,FrameCompleted,DequeueBufferDuration,QueueBufferDuration,GpuCompleted,SwapBuffersCompleted,DisplayPresentTime,CommandSubmissionCompleted,
---PROFILEDATA---


	com.ggufchat.app/com.ggufchat.app.ChatActivity/android.view.ViewRootImpl@d9befca (visibility=0)
Window: com.ggufchat.app/com.ggufchat.app.ChatActivity
Stats since: 109373017796ns
Total frames rendered: 304
Janky frames: 215 (70.72%)
Janky frames (legacy): 158 (51.97%)
50th percentile: 20ms
90th percentile: 48ms
95th percentile: 57ms
99th percentile: 65ms
Number Missed Vsync: 31
Number High input latency: 123
Number Slow UI thread: 35
Number Slow bitmap uploads: 0
Number Slow issue draw commands: 212
Number Frame deadline missed: 215
Number Frame deadline missed (legacy): 103
HISTOGRAM: 5ms=0 6ms=0 7ms=2 8ms=1 9ms=1 10ms=2 11ms=7 12ms=2 13ms=5 14ms=2 15ms=7 16ms=77 17ms=32 18ms=9 19ms=3 20ms=3 21ms=0 22ms=2 23ms=1 24ms=3 25ms=3 26ms=4 27ms=5 28ms=2 29ms=3 30ms=7 31ms=6 32ms=27 34ms=15 36ms=6 38ms=3 40ms=9 42ms=6 44ms=8 46ms=6 48ms=10 53ms=6 57ms=8 61ms=4 65ms=6 69ms=0 73ms=0 77ms=1 81ms=0 85ms=0 89ms=0 93ms=0 97ms=0 101ms=0 105ms=0 109ms=0 113ms=0 117ms=0 121ms=0 125ms=0 129ms=0 133ms=0 150ms=0 200ms=0 250ms=0 300ms=0 350ms=0 400ms=0 450ms=0 500ms=0 550ms=0 600ms=0 650ms=0 700ms=0 750ms=0 800ms=0 850ms=0 900ms=0 950ms=0 1000ms=0 1050ms=0 1100ms=0 1150ms=0 1200ms=0 1250ms=0 1300ms=0 1350ms=0 1400ms=0 1450ms=0 1500ms=0 1550ms=0 1600ms=0 1650ms=0 1700ms=0 1750ms=0 1800ms=0 1850ms=0 1900ms=0 1950ms=0 2000ms=0 2050ms=0 2100ms=0 2150ms=0 2200ms=0 2250ms=0 2300ms=0 2350ms=0 2400ms=0 2450ms=0 2500ms=0 2550ms=0 2600ms=0 2650ms=0 2700ms=0 2750ms=0 2800ms=0 2850ms=0 2900ms=0 2950ms=0 3000ms=0 3050ms=0 3100ms=0 3150ms=0 3200ms=0 3250ms=0 3300ms=0 3350ms=0 3400ms=0 3450ms=0 3500ms=0 3550ms=0 3600ms=0 3650ms=0 3700ms=0 3750ms=0 3800ms=0 3850ms=0 3900ms=0 3950ms=0 4000ms=0 4050ms=0 4100ms=0 4150ms=0 4200ms=0 4250ms=0 4300ms=0 4350ms=0 4400ms=0 4450ms=0 4500ms=0 4550ms=0 4600ms=0 4650ms=0 4700ms=0 4750ms=0 4800ms=0 4850ms=0 4900ms=0 4950ms=0
50th gpu percentile: 15ms
90th gpu percentile: 4950ms
95th gpu percentile: 4950ms
99th gpu percentile: 4950ms
GPU HISTOGRAM: 1ms=0 2ms=0 3ms=0 4ms=0 5ms=1 6ms=5 7ms=8 8ms=14 9ms=12 10ms=6 11ms=18 12ms=19 13ms=25 14ms=34 15ms=49 16ms=21 17ms=9 18ms=8 19ms=5 20ms=3 21ms=5 22ms=3 23ms=5 24ms=3 25ms=6 4950ms=45



---PROFILEDATA---
Flags,FrameTimelineVsyncId,IntendedVsync,Vsync,InputEventId,HandleInputStart,AnimationStart,PerformTraversalsStart,DrawStart,FrameDeadline,FrameInterval,FrameStartTime,SyncQueued,SyncStart,IssueDrawCommandsStart,SwapBuffers,FrameCompleted,DequeueBufferDuration,QueueBufferDuration,GpuCompleted,SwapBuffersCompleted,DisplayPresentTime,CommandSubmissionCompleted,
0,14101,130932602854,130932602854,0,130932910647,130932911048,130932911219,130933048566,130949269520,130932905950,16666666,130933225774,130933257876,130933335530,130938135312,130949480620,4216,580470,130949480620,130940084022,0,130938135312,
0,14117,131065936182,131065936182,0,131066148389,131066149443,131066149659,131066292365,131082602848,131066144661,16666666,131066571083,131066598430,131066789218,131072190816,131082806402,3693,397960,131082806402,131078407768,0,131072190816,
0,14132,131099269514,131099269514,0,131099407266,131099407766,131099407929,131099539201,131115936180,131099402394,16666666,131099774303,131099980009,131100092427,131104084131,131117505666,4177,268360,131117321818,131117505666,0,131104084131,
0,14140,131199269510,131199269510,0,131199503719,131199504428,131199504591,131199654585,131215936176,131199498630,16666666,131200073330,131200106308,131200300152,131205534291,131216114222,2685,280741,131215881902,131216114222,0,131205534291,
0,14163,131332602838,131332602838,0,131334380928,131334381364,131334381508,131334504967,131349269504,131334376486,16666666,131334722809,131334747693,131334822755,131338784539,131349480183,2733,134526,131349480183,131347603030,0,131338784539,
0,14178,131465936166,131465936166,0,131467971841,131467972894,131467973068,131468216217,131482602832,131467964490,16666666,131468599728,131468662023,131468783124,131470564828,131482525803,3810,367404,131482311509,131482525803,0,131470564828,
0,14195,131599269494,131599269494,0,131599916404,131599917277,131599917414,131600085915,131615936160,131599911188,16666666,131600364867,131600392782,131600721336,131602452469,131617082332,4012,890089,131617082332,131608444582,0,131602452469,
0,14203,131615936160,131615936160,0,131617270146,131617270982,131617271174,131617516873,131649269492,131617264094,16666666,131617791533,131619454855,131619559750,131633962193,131649571252,3253,2029552,131649571252,131643928925,0,131633962193,
0,14226,131749269488,131749269488,0,131749464259,131749465186,131749465375,131749563262,131765936154,131749461142,16666666,131749794511,131749842285,131749932495,131751953788,131766371963,4226,606573,131766371963,131760687109,0,131751953788,
0,14241,131865936150,131865936150,0,131866301892,131866302785,131866302979,131866496572,131882602816,131866294995,16666666,131866848390,131867279580,131867378969,131871463679,131882868396,2009,143665,131882868396,131878554639,0,131871463679,
0,14277,131999269478,131999269478,0,132000103837,132000104276,132000104480,132000195022,132015936144,132000099030,16666666,132000363732,132000385874,132000469771,132007915032,132032795044,3411,457600,132032795044,132020226554,0,132007915032,
0,14314,132115936140,132115936140,0,132116270072,132116270534,132116270738,132116435186,132132602806,132116265145,16666666,132116753692,132116789219,132116892816,132122144052,132132766718,4214,875821,132132766718,132128743018,0,132122144052,
0,14322,132165936138,132165936138,0,132166585823,132166586268,132166586468,132166820915,132182602804,132166579322,16666666,132167188851,132167252682,132167350629,132169051654,132183019447,4591,452782,132183019447,132173267627,0,132169051654,
0,14345,132299269466,132299269466,0,132299407447,132299407878,132299408076,132299521005,132315936132,132299403153,16666666,132299757855,132299781155,132299856024,132302850867,132316130364,2959,202531,132316130364,132313202572,0,132302850867,
0,14353,132432602794,132432602794,0,132432768801,132432769541,132432769742,132432885232,132449269460,132432764232,16666666,132433072034,132433098111,132433163899,132434656608,132466116485,3135,426347,132466116485,132449579449,0,132434656608,
0,14376,132582602788,132582602788,0,132583784528,132583785244,132583785463,132583982192,132599269454,132583778415,16666666,132584514995,132584564422,132584702648,132586342672,132599795730,3316,361606,132599795730,132592187603,0,132586342672,
0,14384,132615936120,132615936120,0,132616965033,132616965554,132616965698,132617159691,132632602786,132616960461,16666666,132617534303,132617570544,132617657762,132618694619,132632813481,6204,306144,132632813481,132623436068,0,132618694619,
0,14407,132732602782,132732602782,0,132732777088,132732777471,132732777627,132732889935,132749269448,132732772866,16666666,132733097426,132733150951,132733233583,132734964031,132749493772,3169,546246,132749493772,132740641287,0,132734964031,
0,14415,132865936110,132865936110,0,132866251263,132866251925,132866252061,132866340451,132882602776,132866247885,16666666,132866530731,132866558247,132866621727,132869177531,132882922494,3875,675917,132882922494,132874845741,0,132869177531,
0,14438,132999269438,132999269438,0,133000438025,133000438560,133000438747,133000629444,133015936104,133000432089,16666666,133001018716,133001049296,133001167944,133003561640,133016259443,5189,581690,133016259443,133010316642,0,133003561640,
0,14468,133115936100,133115936100,0,133117591536,133117591969,133117592180,133117700619,133132602766,133117588908,16666666,133117870790,133117891905,133117957845,133120417021,133132850754,2484,193904,133132850754,133125631881,0,133120417021,
0,14483,133149269432,133149269432,0,133149412604,133149413045,133149413270,133149506351,133165936098,133149408421,16666666,133149698264,133149722077,133149799531,133153810680,133166405495,149943,2064239,133166405495,133162093347,0,133153810680,
0,14505,133282602760,133282602760,0,133283105661,133283106060,133283106212,133283360678,133299269426,133283100428,16666666,133284148936,133284252683,133286708927,133288546600,133299478957,1993,215051,133299478957,133293852407,0,133288546600,
0,14520,133299269426,133299269426,0,133299610320,133299610478,133299610664,133299725420,133332602758,133299609599,16666666,133299899036,133299915891,133300055245,133318561753,133332723656,1926,122704,133332723656,133322859853,0,133318561753,
0,14528,133449269420,133449269420,0,133450050690,133450051422,133450051660,133450321286,133465936086,133450042327,16666666,133450753330,133451040303,133451152759,133453436333,133466118150,3189,1043743,133466118150,133460678930,0,133453436333,
0,14551,133599269414,133599269414,0,133599846099,133599846852,133599847032,133599976361,133615936080,133599840133,16666666,133600249732,133600298935,133600374769,133601711316,133616208733,11958,1157564,133616208733,133615492353,0,133601711316,
0,14559,133615936080,133615936080,0,133616425260,133616425803,133616425995,133616857887,133649269412,133616420482,16666666,133617109545,133633899580,133634063365,133635239431,133649477258,2835,346805,133649477258,133640733351,0,133635239431,
0,14582,133765936074,133765936074,0,133766514747,133766515322,133766515525,133766721236,133782602740,133766508583,16666666,133767057147,133767092727,133767283953,133768347864,133782826651,3263,293340,133782826651,133774932938,0,133768347864,
0,14597,133899269402,133899269402,0,133899528671,133899529463,133899529667,133899610563,133915936068,133899526085,16666666,133900709376,133901742046,133901821857,133903293276,133916195022,2635,254522,133916195022,133909118169,0,133903293276,
0,14612,134032602730,134032602730,0,134033257055,134033257657,134033257822,134033424428,134049269396,134033251341,16666666,134033772932,134033809731,134033926809,134035383453,134049496438,2425,163177,134049496438,134041222227,0,134035383453,
0,14635,134115936060,134115936060,0,134128495846,134128496247,134128496459,134128584669,134132602726,134128491846,16666666,134128773960,134146129218,134146208006,134148150002,134166927646,1886,162664,134166927646,134154176409,0,134148150002,
0,14671,134199269390,134199269390,0,134199444886,134199445309,134199445508,134199551806,134215936056,134199440917,16666666,134199742956,134199765130,134199832325,134200774040,134216074726,2407,133216,134216074726,134209877366,0,134200774040,
0,14694,134315936052,134332602718,0,134335691281,134335691494,134335691651,134335779671,134332602718,134335688937,16666666,134336506340,134336524476,134336594363,134339497626,134349969146,2151,112712,134349969146,134347969159,0,134339497626,
0,14702,134449269380,134449269380,0,134450719955,134450720406,134450720798,134450936885,134465936046,134450712783,16666666,134451257468,134451312373,134451407957,134453025245,134463460442,2117,473273,134463401605,134463460442,0,134453025245,
0,14725,134599269374,134599269374,0,134599890805,134599891229,134599891391,134600269220,134615936040,134599885672,16666666,134601143872,134601205409,134601330616,134602428814,134616203282,5208,298154,134616203282,134607958742,0,134602428814,
0,14733,134615936040,134615936040,0,134616365060,134616365573,134616365739,134616554213,134649269372,134616360065,16666666,134616746879,134616784778,134617002398,134636088045,134651493485,2249,415676,134651493485,134643718264,0,134636088045,
0,14740,134632602706,134632602706,0,134635029248,134635029689,134635029892,134635190883,134682602704,134635025846,16666666,134635446875,134643817081,134644038452,134646095681,134677242455,25612698,248688,134675279495,134677242455,0,134646095681,
0,14764,134749269368,134749269368,0,134749457349,134749457798,134749457992,134749549968,134765936034,134749453265,16666666,134749760087,134749807172,134749889801,134751498445,134766078492,5376,313605,134766078492,134758756166,0,134751498445,
0,14772,134882602696,134882602696,0,134883080447,134883080895,134883081262,134883268772,134899269362,134883073775,16666666,134883570112,134883623299,134883785929,134891993151,134905020845,3392,429368,134904719355,134905020845,0,134891993151,
0,14794,135015936024,135015936024,0,135019482744,135019483618,135019483826,135020228694,135032602690,135019476318,16666666,135020591570,135020841201,135020968694,135022973326,135034766832,3066,269337,135034766832,135031163685,0,135022973326,
0,14817,135132602686,135132602686,0,135135684448,135135684869,135135685051,135135844819,135149269352,135135679037,16666666,135136134277,135136179391,135136256388,135137571825,135147769735,3204,407154,135147699048,135147769735,0,135137571825,
0,14825,135182602684,135182602684,0,135183355257,135183355804,135183356018,135183463162,135199269350,135183351680,16666666,135183673420,135183689279,135183765871,135185264580,135193872731,3196,502149,135193813716,135193872731,0,135185264580,
0,14876,135315936012,135332602678,0,135335713077,135335713538,135335713748,135335898433,135332602678,135335707421,16666666,135336236690,135336397822,135336521947,135338279421,135349390931,2517,418248,135349390931,135345467339,0,135338279421,
0,14884,135449269340,135449269340,0,135449589407,135449589942,135449590211,135449781706,135465936006,135449582345,16666666,135450064648,135450097207,135450227634,135452189403,135466157481,4190,458663,135466157481,135459648717,0,135452189403,
0,14907,135599269334,135599269334,0,135599708551,135599709110,135599709353,135599922037,135615936000,135599701635,16666666,135600306658,135600347041,135600481298,135602111507,135616501278,2947,1489841,135616501278,135610557532,0,135602111507,
0,14915,135649269332,135649269332,0,135649436235,135649436782,135649436991,135649577037,135665935998,135649431764,16666666,135649838815,135649858568,135649966548,135653074969,135666242138,3005,466619,135666242138,135661602056,0,135653074969,
0,14938,135749269328,135749269328,0,135750738130,135750738554,135750738754,135750936027,135765935994,135750732207,16666666,135751265518,135751307715,135751432934,135752743877,135767231627,6069,855841,135767231627,135760226562,0,135752743877,
0,14946,135882602656,135882602656,0,135882988772,135882989742,135882989881,135883166555,135899269322,135882982947,16666666,135883472927,135883515096,135883601177,135885946013,135899593919,2513,285033,135899593919,135892324526,0,135885946013,
0,14969,136032602650,136032602650,0,136032948617,136032949201,136032949396,136033107211,136049269316,136032942610,16666666,136033394572,136033421679,136033517173,136036940521,136050683815,2210,570597,136050683815,136045219914,0,136036940521,
0,14992,136165935978,136165935978,0,136166155175,136166155718,136166155910,136166322166,136182602644,136166149885,16666666,136166581682,136166625044,136166721481,136169701333,136182820421,5978,503652,136182820421,136175905032,0,136169701333,
0,15000,136182602644,136182602644,0,136198723218,136198723783,136198723996,136198894420,136215935976,136198718724,16666666,136199252513,136199284409,136199401439,136201769969,136210510336,3273,430048,136210427013,136210510336,0,136201769969,
0,15043,136315935972,136315935972,0,136316284500,136316284682,136316284803,136316365712,136332602638,136316281293,16666666,136316520050,136316773973,136316830227,136318208189,136335987933,3805,368594,136335987933,136328875476,0,136318208189,
0,15058,136432602634,136432602634,0,136432860180,136432860941,136432861176,136433006908,136449269300,136432854671,16666666,136433209846,136433246239,136433344381,136434466514,136449451146,3677,829608,136449451146,136441052327,0,136434466514,
0,15081,136582602628,136582602628,0,136583043800,136583044212,136583044412,136583233953,136599269294,136583037642,16666666,136583645967,136583688440,136583819755,136585355720,136599599596,2594,445628,136599599596,136591310220,0,136585355720,
0,15089,136665935958,136665935958,0,136666335042,136666335592,136666336012,136666586023,136682602624,136666328672,16666666,136666981167,136667036011,136667133720,136673464532,136679678724,2884,408303,136679603424,136679678724,0,136673464532,
0,15104,136715935956,136715935956,0,136720035870,136720036439,136720036642,136720148294,136732602622,136720002377,16666666,136720356765,136720375954,136720450626,136724754338,136753543029,5917,422080,136753418486,136753543029,0,136724754338,
0,15120,136849269284,136849269284,0,136849909043,136849909734,136849909878,136850088946,136865935950,136849903224,16666666,136850415017,136850463485,136850560319,136855389549,136866606336,3411,579640,136866606336,136862131852,0,136855389549,
0,15143,136999269278,136999269278,0,136999453738,136999454237,136999454374,136999575539,137015935944,136999450119,16666666,136999832886,136999864989,136999946588,137001746680,137017903438,2637,328933,137017903438,137009752014,0,137001746680,
0,15158,137115935940,137115935940,0,137116211396,137116212166,137116212404,137116293100,137132602606,137116208911,16666666,137116478077,137116851979,137116934066,137118874032,137132810244,4078,515114,137132810244,137129202616,0,137118874032,
0,15173,137165935938,137165935938,0,137166129051,137166129589,137166129727,137166234924,137182602604,137166125715,16666666,137166447052,137166465736,137166559564,137169326269,137182833422,1622,290619,137182833422,137175816799,0,137169326269,
0,15181,137265935934,137265935934,0,137268086035,137268086754,137268086949,137268193835,137282602600,137268083579,16666666,137268392922,137268420777,137268554086,137270049315,137282954788,4037,888650,137282954788,137280712099,0,137270049315,
0,15232,137415935928,137415935928,0,137416391738,137416391890,137416392045,137416476338,137432602594,137416388752,16666666,137416680676,137416702285,137417256154,137419182392,137432729439,2444,122921,137432729439,137424300342,0,137419182392,
0,15255,137565935922,137565935922,0,137567763225,137567763847,137567764013,137567940008,137582602588,137567758215,16666666,137568294114,137568463247,137568683596,137572289808,137599391309,4467,197456,137599391309,137585389528,0,137572289808,
0,15263,137665935918,137665935918,0,137666120227,137666120945,137666121142,137666271428,137682602584,137666115088,16666666,137666586360,137666634940,137666773196,137670101155,137682767295,3088,306559,137682767295,137682107521,0,137670101155,
0,15278,137715935916,137715935916,0,137716714005,137716714785,137716715041,137716898331,137732602582,137716707652,16666666,137717225705,137717309360,137717664432,137725498740,137740332184,2241,313772,137740332184,137732941381,0,137725498740,
0,15294,137865935910,137865935910,0,137866084310,137866084795,137866084968,137866283991,137882602576,137866081718,16666666,137866592468,137866636541,137866721163,137868069523,137878904017,40766,830672,137878793331,137878904017,0,137868069523,
0,15302,137882602576,137882602576,0,137898106315,137898106829,137898107004,137898382034,137899269242,137898102151,16666666,137898561946,137898670055,137898845859,137900266376,137917910428,3181,303161,137917910428,137908918885,0,137900266376,
0,15325,138015935904,138015935904,0,138016388732,138016389211,138016389394,138016543854,138032602570,138016384311,16666666,138016856801,138016903548,138016986593,138018032717,138032839957,4328,435408,138032839957,138025965226,0,138018032717,
0,15340,138132602566,138132602566,0,138134599841,138134600338,138134600510,138134762216,138149269232,138134596035,16666666,138135033508,138135357564,138136163313,138144066704,138163522111,1916,986194,138163462200,138163522111,0,138144066704,
0,15356,138165935898,138165935898,0,138166362429,138166362832,138166362985,138166511311,138182602564,138166358332,16666666,138166760145,138181274043,138181462385,138186817820,138196079962,1940,281787,138195966253,138196079962,0,138186817820,
0,15364,138299269226,138299269226,0,138299890181,138299890824,138299891050,138300373989,138315935892,138299884742,16666666,138300816027,138301017283,138301220935,138302671918,138319557041,11645,3835290,138319423952,138319557041,0,138302671918,
0,15422,138432602554,138432602554,0,138433000455,138433000811,138433000968,138433126354,138449269220,138432997423,16666666,138433384769,138433446450,138433525652,138434999725,138449694355,1945,253512,138449694355,138443935191,0,138434999725,
0,15445,138582602548,138582602548,0,138583482057,138583482459,138583482604,138583653374,138599269214,138583477624,16666666,138583964908,138584034643,138584114041,138585965334,138599472104,2891,625108,138599472104,138596091944,0,138585965334,
0,15453,138665935878,138665935878,0,138666516540,138666516987,138666517144,138666659016,138682602544,138666513094,16666666,138666884301,138667022800,138667113726,138671854986,138699401155,1895,248292,138699401155,138684535201,0,138671854986,
0,15461,138715935876,138715935876,0,138716185222,138716185630,138716185830,138716267314,138732602542,138716182480,16666666,138716426047,138716439908,138716504519,138721506838,138732775017,2127,99268,138732775017,138724788207,0,138721506838,
0,15484,138865935870,138865935870,0,138866119838,138866120407,138866120649,138866231277,138882602536,138866116698,16666666,138866463674,138866484291,138866564564,138870126796,138883096460,3739,425206,138883096460,138874810969,0,138870126796,
0,15507,138999269198,138999269198,0,138999513382,138999513924,138999514121,138999649857,139015935864,138999508931,16666666,138999874828,138999952415,139000058213,139002400794,139016142567,3668,492661,139016142567,139011780816,0,139002400794,
0,15515,139115935860,139115935860,0,139116535763,139116536427,139116536682,139116742411,139132602526,139116529730,16666666,139117102154,139117522943,139117642196,139119162020,139132916690,3531,630570,139132916690,139128634640,0,139119162020,
0,15538,139165935858,139165935858,0,139166316553,139166316966,139166317166,139166425651,139182602524,139166313894,16666666,139166655621,139166674645,139168099440,139179827208,139199431643,8127,1607232,139199431643,139186949407,0,139179827208,
0,15546,139265935854,139265935854,0,139266512590,139266513102,139266513278,139266702054,139282602520,139266507582,16666666,139267474919,139267558695,139267679102,139270937310,139282824670,4753,265081,139282824670,139274384443,0,139270937310,
0,15569,139415935848,139415935848,0,139416504429,139416504856,139416505052,139416687335,139432602514,139416502716,16666666,139417830774,139417846216,139417905981,139423975652,139432765927,2102,232479,139432765927,139429016357,0,139423975652,
0,15577,139432602514,139449269180,0,139449575527,139449575983,139449576205,139449737991,139465935846,139449572307,16666666,139449878866,139449904273,139450064786,139451840043,139466203343,2041,176797,139466203343,139458236862,0,139451840043,
0,15628,139565935842,139565935842,0,139566053096,139566053454,139566053630,139566124318,139582602508,139566050295,16666666,139566410230,139566431473,139566912786,139569642733,139577469946,5345,793285,139577377329,139577469946,0,139569642733,
0,15636,139665935838,139665935838,0,139666842766,139666843487,139666843690,139667005592,139682602504,139666836980,16666666,139667258179,139667452473,139667617125,139672570989,139683569642,2447,583399,139683267857,139683569642,0,139672570989,
0,15644,139699269170,139699269170,0,139700309077,139700309472,139700309631,139700498480,139715935836,139700304559,16666666,139700697016,139700721152,139700796608,139713868954,139734708069,2239,180987,139734708069,139719109561,0,139713868954,
0,15667,139849269164,139849269164,0,139849951814,139849952268,139849952449,139850134603,139865935830,139849945949,16666666,139850470042,139850546536,139850693806,139852989835,139866066901,5181,315378,139866066901,139862048226,0,139852989835,
0,15690,139965935826,139965935826,0,139966151478,139966151931,139966152142,139966256702,139982602492,139966148267,16666666,139966504145,139966519532,139966630082,139984836808,139994863295,2296,247977,139994819901,139994863295,0,139984836808,
0,15698,140115935820,140115935820,0,140116124700,140116125351,140116125544,140116224406,140132602486,140116121735,16666666,140116393491,140116416614,140116626865,140118189428,140132791556,2152,216812,140132791556,140122772431,0,140118189428,
0,15721,140165935818,140182602484,0,140185424672,140185424980,140185425157,140185561801,140182602484,140185422412,16666666,140185806424,140185863165,140185949054,140191015708,140201194588,3627,729903,140201194588,140197089668,0,140191015708,
0,15729,140265935814,140265935814,0,140266100401,140266100826,140266100972,140266188745,140282602480,140266098697,16666666,140266987735,140267005554,140267103199,140268517998,140279661271,2075,415232,140279556984,140279661271,0,140268517998,
0,15752,140415935808,140415935808,0,140416082674,140416083108,140416083314,140416183869,140432602474,140416079769,16666666,140416360566,140416377594,140416518585,140420905262,140432726473,3459,590420,140432726473,140430178599,0,140420905262,
0,15795,140549269136,140549269136,0,140549504087,140549504482,140549504717,140549576404,140565935802,140549502158,16666666,140549738192,140550119015,140550302344,140559791821,140567823657,4280,1252759,140567823657,140563863495,0,140559791821,
0,15810,140665935798,140665935798,0,140666243458,140666243855,140666243998,140666374174,140682602464,140666238234,16666666,140666606405,140666639598,140666792847,140668443874,140682899328,2164,175006,140682899328,140674978543,0,140668443874,
0,15818,140682602464,140699269130,0,140702023878,140702024286,140702024528,140702170220,140715935796,140702017997,16666666,140702423565,140702452316,140702703732,140705520521,140716126267,2547,486033,140716126267,140713672380,0,140705520521,
0,15841,140832602458,140832602458,0,140832915334,140832915725,140832915868,140833064604,140849269124,140832910503,16666666,140833377497,140833421114,140833595896,140836655477,140849743020,5653,287352,140849743020,140846189393,0,140836655477,
0,15856,140949269120,140949269120,0,140950026158,140950026715,140950026898,140950198554,140965935786,140950020035,16666666,140950477036,140954129310,140954316275,140959734632,140966441428,2465,1062782,140966441428,140964971104,0,140959734632,
0,15871,141065935782,141065935782,0,141066095840,141066096244,141066096451,141066196946,141082602448,141066092454,16666666,141066369580,141066393404,141066466357,141071155201,141083344443,2091,280687,141083344443,141074770888,0,141071155201,
0,15894,141165935778,141182602444,0,141184637611,141184637767,141184637893,141184754344,141182602444,141184635284,16666666,141184972723,141185055521,141185150684,141188116000,141199482449,3861,351490,141199482449,141192685617,0,141188116000,
0,15902,141215935776,141215935776,0,141216414816,141216415210,141216415357,141216524357,141232602442,141216411163,16666666,141217043731,141217066291,141217137391,141218369806,141232788259,2269,462139,141232788259,141226117711,0,141218369806,
0,15917,141349269104,141349269104,0,141349645240,141349645764,141349646183,141349717528,141365935770,141349643347,16666666,141349870749,141350135226,141350198567,141351541496,141366166884,1948,332255,141366166884,141360939127,0,141351541496,
0,15932,141465935766,141465935766,0,141466600853,141466601522,141466601732,141466796788,141482602432,141466595067,16666666,141467096759,141467135206,141467265941,141469655277,141482992501,4088,303738,141482992501,141474863989,0,141469655277,
0,15976,141615935760,141615935760,0,141616183084,141616183170,141616183303,141616249227,141632602426,141616181925,16666666,141616396502,141616415167,141616465583,141618377015,141632765146,2207,152146,141632765146,141627612556,0,141618377015,
0,15984,141665935758,141665935758,0,141666133751,141666134215,141666134404,141666209999,141682602424,141666132158,16666666,141666350923,141666367514,141666441118,141667766280,141682811790,2296,623927,141682811790,141675737690,0,141667766280,
0,16008,141782602420,141782602420,0,141782728992,141782729340,141782729476,141782810174,141799269086,141782725850,16666666,141782968787,141782981443,141783052299,141787270913,141799080455,4586,710860,141798777747,141799080455,0,141787270913,
0,16016,141899269082,141899269082,0,141899429350,141899429700,141899429851,141899504959,141915935748,141899427626,16666666,141899675412,141899688113,141899749396,141901817973,141916358917,1833,305691,141916358917,141906957226,0,141901817973,
0,16039,142049269076,142049269076,0,142049908380,142049908829,142049909010,142050082188,142065935742,142049903263,16666666,142050373598,142050521610,142050672522,142053842245,142066371587,2072,472887,142066371587,142058074480,0,142053842245,
0,16062,142165935738,142165935738,0,142179302561,142179302993,142179303181,142179455779,142182602404,142179297549,16666666,142179728933,142179835515,142179913487,142183649922,142199440753,4154,200599,142199440753,142189373785,0,142183649922,
0,16070,142199269070,142199269070,0,142211698866,142211699286,142211699592,142211829823,142232602402,142211695467,16666666,142212315295,142212370777,142212461466,142214260023,142232727743,1734,261621,142232727743,142220300622,0,142214260023,
0,16078,142332602398,142332602398,0,142332742305,142332742644,142332742843,142332826197,142349269064,142332740664,16666666,142332992610,142333013037,142333075307,142335963889,142349645781,2011,214147,142349645781,142343794256,0,142335963889,
0,16101,142482602392,142482602392,0,142482729479,142482729995,142482730211,142482791258,142499269058,142482727372,16666666,142482949098,142482968433,142483015950,142486378449,142499455837,3735,425271,142499455837,142492510139,0,142486378449,
0,16132,142632602386,142632602386,0,142632761752,142632762265,142632762703,142632868363,142649269052,142632759812,16666666,142633052066,142633074929,142633234778,142635935026,142649426089,2222,188838,142649426089,142644524059,0,142635935026,
0,16147,142682602384,142682602384,0,142682761602,142682762045,142682762305,142682812709,142699269050,142682760001,16666666,142682994744,142684277845,142684318316,142686606869,142699494878,2733,381389,142699494878,142694389097,0,142686606869,
0,16198,142782602380,142799269046,0,142801395142,142801395545,142801395693,142801525580,142799269046,142801391362,16666666,142801794764,142801906226,142801981228,142803395438,142816303462,5594,248202,142816303462,142810199126,0,142803395438,
0,16206,142915935708,142915935708,0,142916171109,142916171592,142916171745,142916245382,142932602374,142916169687,16666666,142916390043,142916404942,142916467128,142918703058,142931408799,8071,2129310,142931305330,142931408799,0,142918703058,
0,16229,143082602368,143082602368,0,143082920619,143082921110,143082921318,143083089872,143099269034,143082915395,16666666,143083398283,143083436988,143083532789,143086473886,143099418022,2182,197530,143099418022,143096525118,0,143086473886,
0,16252,143182602364,143182602364,0,143186128786,143186129160,143186129307,143186280074,143199269030,143186124511,16666666,143186518623,143188499432,143188916567,143199154500,143216101395,2247,252690,143216101395,143203438294,0,143199154500,
0,16260,143215935696,143215935696,0,143216128222,143216128554,143216128692,143216184562,143249269028,143216127232,16666666,143216350289,143216360938,143216394156,143229313460,143241106858,2480,410820,143241106858,143233817595,0,143229313460,
0,16267,143232602362,143232602362,0,143233783951,143233784335,143233796985,143234656941,143265935694,143233782675,16666666,143235233757,143235279046,143235373510,143237546274,143263905192,18543625,125143,143263905192,143259715757,0,143237546274,
0,16282,143249269028,143249269028,0,143257370645,143257371082,143257371264,143257437151,143282602360,143257367570,16666666,143258053961,143259737811,143259781282,143260641481,143282690960,11830073,136440,143282690960,143275792339,0,143260641481,
0,16305,143682602344,143682602344,0,143682807341,143682808074,143682808232,143682913115,143699269010,143682803396,16666666,143683106957,143683161418,143683250044,143684374148,143693284481,4580,3881949,143693170521,143693284481,0,143684374148,
---PROFILEDATA---


View hierarchy:

  com.ggufchat.app/com.ggufchat.app.MainActivity/android.view.ViewRootImpl@515af35
  28 views, 47.80 kB of render nodes

  com.ggufchat.app/com.ggufchat.app.ChatActivity/android.view.ViewRootImpl@d9befca
  41 views, 78.30 kB of render nodes


Total ViewRootImpl   : 2
Total attached Views : 69
Total RenderNode     : 126.10 kB (used) / 260.55 kB (capacity)