ETS2AI,v1,13,3,24,24
1.6135975122451782,-2.5110888481140137,0.11669186502695084,-1.9043869972229004,-1.4473611116409302,-0.8359388709068298,1.8061182498931885,3.0245518684387207,0.7286658883094788,1.9170945882797241,1.6239235401153564,-0.6499587297439575,1.2160614728927612,0.33050796389579773,-2.0360896587371826,1.1137018203735352,0.04291248694062233,-1.4825741052627563,-0.7717869877815247,1.372074842453003,-1.1897944211959839,-0.5541765689849854,0.6760865449905396,0.01782912202179432
5.918741226196289,-4.589139938354492,-0.29751521348953247,3.991908311843872,0.2973901629447937,2.754405975341797,-0.2197292447090149,-5.479264736175537,2.737544059753418,0.24453102052211761,-0.3183985948562622,-0.09101893752813339,-2.4787912368774414,-3.9196109771728516,-2.667506694793701,-0.4913158714771271,1.5676374435424805,-2.0899696350097656,3.776489496231079,-1.659421682357788,-0.7248687744140625,1.6491520404815674,-0.040270570665597916,8.367793083190918
-1.0919378995895386,-2.790114641189575,-5.171199321746826,1.3144679069519043,-0.008927148766815662,-0.17688106000423431,-0.8529350757598877,-4.917497634887695,2.315394401550293,-0.49122950434684753,2.4800407886505127,0.2203836739063263,-1.2743583917617798,-0.23028872907161713,-1.2779793739318848,0.17756150662899017,0.9799834489822388,-2.3989343643188477,-0.4699386656284332,-0.21045872569084167,-1.271307349205017,10.09682559967041,0.9043664932250977,-6.3060832023620605
-7.48873233795166,3.2803797721862793,2.575904369354248,-3.860064744949341,3.0933594703674316,6.067939758300781,2.260166645050049,-1.8464319705963135,-10.838438987731934,0.5251794457435608,1.88543701171875,-9.293931007385254,-0.07126682251691818,-7.108880519866943,0.4903470277786255,-0.2681802213191986,7.3922438621521,-1.2541964054107666,-14.710607528686523,-5.0054216384887695,-7.285629749298096,-1.2639421224594116,1.7293062210083008,0.17126375436782837
-0.9635663628578186,-2.118731737136841,-1.4129317998886108,0.21423117816448212,3.297877550125122,2.0219359397888184,2.6609561443328857,1.0759652853012085,-0.47923338413238525,0.14232850074768066,-1.5509607791900635,-2.2300655841827393,1.1444133520126343,-2.7993955612182617,0.8070281744003296,0.16245119273662567,1.4655053615570068,0.647556483745575,-1.2240898609161377,1.304634928703308,-0.6756482720375061,1.372594952583313,2.9986422061920166,0.024325581267476082
-0.8535122871398926,-3.7729275226593018,-1.0000332593917847,2.2146289348602295,4.172320365905762,2.0972652435302734,3.1706693172454834,-0.5809817910194397,4.028862476348877,-1.0332139730453491,-0.9074931144714355,-6.602045059204102,3.23573899269104,-4.383598327636719,-2.878807306289673,-0.08008743822574615,4.192261219024658,-0.13745450973510742,-1.2212960720062256,2.4221737384796143,-1.823000192642212,0.2473180890083313,1.059301495552063,-0.5350711941719055
-1.4609603881835938,-1.0296181440353394,-0.29435691237449646,2.3123934268951416,1.2057602405548096,2.235107660293579,1.793613076210022,-0.0059360358864068985,5.080264091491699,-2.573439359664917,2.576599359512329,-7.791841983795166,3.5019447803497314,5.536395072937012,-3.2198235988616943,0.358997106552124,9.80626106262207,-0.8649595975875854,2.9749693870544434,3.1649577617645264,-3.641068935394287,-5.182032585144043,1.6360803842544556,0.3916383683681488
0.5584584474563599,0.9451702237129211,0.6450780630111694,1.1620956659317017,-0.9537057280540466,-6.682896614074707,3.308159351348877,1.0139902830123901,1.5900417566299438,-1.3341059684753418,0.7272316813468933,0.5211402773857117,1.1199281215667725,-1.3902878761291504,-6.441267490386963,0.9663323163986206,0.7452512979507446,-0.18573276698589325,1.2565840482711792,-4.015541076660156,1.5439717769622803,5.478041172027588,2.136181116104126,0.14957626163959503
-0.41354843974113464,0.4383493661880493,-0.4228401184082031,0.2978162169456482,0.8987109661102295,0.07191460579633713,-1.2247228622436523,-0.4929311275482178,-0.08534803241491318,-0.5220639705657959,-0.7479302883148193,0.920344352722168,-0.11632958054542542,-0.5627188086509705,0.7814449071884155,-0.20888398587703705,0.3358173668384552,0.20504508912563324,0.46350806951522827,-0.43140318989753723,0.6408981084823608,0.10038083791732788,0.32748788595199585,0.2740851938724518
-1.0056958198547363,0.45847785472869873,0.2912174463272095,0.7045539617538452,0.7440874576568604,-0.15176346898078918,-0.6892790794372559,-0.644238293170929,-0.4320347309112549,-0.5326349139213562,-0.6551932692527771,0.6132404208183289,-0.6051132678985596,-0.3268899917602539,0.4595414400100708,-0.3964219093322754,0.7868416905403137,0.6740898489952087,0.3819044530391693,-0.8478391766548157,0.3787960410118103,-0.1707659661769867,-0.34099313616752625,0.24999046325683594
0.3751717507839203,2.851080894470215,0.9609549045562744,2.016552209854126,2.563985824584961,4.785552978515625,-4.105803489685059,-1.825911045074463,-0.5178678035736084,-1.2295951843261719,-3.402559995651245,0.7511770725250244,-1.4100589752197266,0.9139816164970398,6.0057454109191895,0.08416206389665604,-2.7249844074249268,1.2452293634414673,-8.305512428283691,-2.0965635776519775,2.756740093231201,0.9274100065231323,2.2268564701080322,4.086421489715576
0.33071473240852356,-0.0828523337841034,-0.06460490077733994,-0.09566482901573181,0.12679411470890045,1.6294969320297241,-0.5376716256141663,-0.2857359051704407,0.15438440442085266,0.1616838127374649,-0.15640389919281006,-0.012438686564564705,0.15084943175315857,0.22061587870121002,0.7497771978378296,0.09776522219181061,-0.6385783553123474,-0.14527499675750732,-0.8452380895614624,0.5546254515647888,-0.20457130670547485,-0.9392703771591187,-0.0008813185268081725,-0.1692429929971695
-0.0916903167963028,0.05672789365053177,0.04441365972161293,0.08230002969503403,0.08389469981193542,0.051776763051748276,0.16541028022766113,0.021311413496732712,0.051374588161706924,-5.455549240112305,0.1841924786567688,0.07052306085824966,-1.4673644304275513,0.18349085748195648,1.1422218084335327,-8.5814847946167,-0.005325587932020426,-0.06847263127565384,0.05220959708094597,0.21025899052619934,0.46675005555152893,-0.02629907615482807,-1.9297404289245605,-0.3059343993663788
-0.6730394959449768,0.7405381202697754,-0.02041124366223812,0.5607762932777405,0.7880277633666992,0.16883929073810577,-0.8345387578010559,-0.7728434801101685,-0.12068821489810944,-0.36967915296554565,-0.7234503626823425,0.6751411557197571,-0.26821622252464294,-0.12872114777565002,0.7538676857948303,0.008755393326282501,0.3802299499511719,0.36621910333633423,0.2745729982852936,-0.4155021607875824,0.606213390827179,0.2621544897556305,-0.022501815110445023,0.07172540575265884
-1.43170166015625,2.2185802459716797,-0.5361740589141846,0.08397279679775238,-1.8770670890808105,1.2275140285491943,0.7291339039802551,-0.661387026309967,0.8606224060058594,-1.6317943334579468,1.571202278137207,-0.6137707233428955,-0.463943213224411,-0.939882218837738,-1.4498465061187744,-0.4148034453392029,2.248671531677246,2.026798963546753,2.133507013320923,0.25868403911590576,0.021203115582466125,-0.5898177027702332,-1.2888437509536743,1.631778359413147
0.35059455037117004,0.989595890045166,1.0109754800796509,-0.7850371599197388,1.5786926746368408,-0.6998149156570435,-1.6352957487106323,-0.6611812710762024,-0.02566860057413578,2.4287731647491455,-0.9699645042419434,-0.1293870359659195,0.623839259147644,-0.4415762424468994,-0.8008813261985779,-0.616058886051178,1.3820384740829468,-1.7067277431488037,-1.738285779953003,-1.1281416416168213,0.12104009836912155,0.40532293915748596,0.5859975814819336,-1.2844854593276978
-0.3475356996059418,-0.3789026737213135,0.3291796147823334,1.229486107826233,0.19031371176242828,-1.0415575504302979,-0.1227630004286766,0.30885568261146545,1.4644663333892822,-0.43698593974113464,0.5958011746406555,1.216537356376648,0.35490748286247253,0.3426128625869751,-1.1175674200057983,0.6795522570610046,-0.4409067630767822,-1.5604110956192017,0.5571246147155762,0.12895843386650085,-0.4693640172481537,0.479087233543396,1.0431233644485474,0.140248641371727
1.9396084547042847,-0.894414484500885,0.11279593408107758,-2.7961087226867676,1.690669298171997,0.9090085029602051,0.3286122679710388,1.33870530128479,-1.7735991477966309,-0.3807084560394287,0.8072914481163025,-0.04834143817424774,0.6754421591758728,0.5933138728141785,1.6384289264678955,1.1001533269882202,-2.247382402420044,3.704975128173828,0.40090426802635193,1.0738441944122314,-0.007915937341749668,0.6725537180900574,-1.250683069229126,-3.043769359588623
1.580876111984253,-0.9634284377098083,0.8244361281394958,0.21383844316005707,2.395514726638794,-0.44706571102142334,-0.06494465470314026,1.1602506637573242,-0.7330838441848755,3.1554369926452637,-0.10852006822824478,2.504159927368164,0.7661652565002441,-1.1462109088897705,0.474317729473114,0.7653035521507263,-0.0389842689037323,-0.5790648460388184,1.1061384677886963,-0.8652117252349854,-0.004160373471677303,-0.057279665023088455,-0.5330737829208374,-0.481488972902298
1.3230856657028198,0.09673450887203217,-0.9782458543777466,1.2725881338119507,-0.28224244713783264,-0.3447483479976654,0.7622926235198975,0.46266984939575195,-1.124348521232605,1.4464095830917358,-0.19681285321712494,-0.30795818567276,-0.9172079563140869,-0.20801621675491333,-0.7053911089897156,-0.4807433485984802,0.590088963508606,-1.300812005996704,1.7088433504104614,0.26040706038475037,0.014723004773259163,0.5925251841545105,0.04748868942260742,2.916412353515625
-0.9409760236740112,0.355976402759552,0.18877285718917847,1.8369619846343994,-0.5934063196182251,-0.584892988204956,1.0608097314834595,-1.3392250537872314,0.6984760165214539,-3.5592992305755615,-0.2436688095331192,-0.6455919146537781,-1.9251881837844849,1.7258437871932983,-0.38448038697242737,-2.0631585121154785,-1.1372647285461426,-0.7491193413734436,-0.6789278984069824,0.5620024800300598,-0.020822692662477493,0.08356078714132309,-0.7819872498512268,1.9035747051239014
-0.6642121076583862,2.359858274459839,0.03715420514345169,-1.192327618598938,-1.434826374053955,-1.1960126161575317,-1.0544999837875366,-1.182747721672058,-0.0814850702881813,-2.232956647872925,0.6379081606864929,-0.981563925743103,-0.47545453906059265,1.7089097499847412,-0.11753056943416595,-1.1449573040008545,1.0830426216125488,0.7281078100204468,1.5109026432037354,0.44089826941490173,-0.11382704228162766,-0.2438039630651474,0.07004602253437042,-0.22229935228824615
-0.257081538438797,-0.4313892722129822,-0.7807671427726746,-1.5606769323349,1.8415216207504272,2.341501235961914,0.006396129261702299,0.7529255151748657,0.788173496723175,-3.5756733417510986,-0.4727726876735687,-1.7195061445236206,0.9449407458305359,1.3093489408493042,-0.6049073934555054,1.3387773036956787,-0.415006160736084,2.596559524536133,-0.43063870072364807,-0.6201218962669373,0.00021536360145546496,-2.2892677783966064,-0.2737491726875305,-2.4216864109039307
-13.00999641418457,-0.2346869558095932,0.08397665619850159,0.8120431303977966,0.3299418091773987,0.7074590921401978,-0.2625976800918579,0.2143908143043518,11.504192352294922,-0.4555782973766327,0.5260346531867981,0.08923455327749252,-0.011839714832603931,-0.4754256010055542,0.4794679284095764,0.24570836126804352,-0.07717166095972061,-0.8089790344238281,1.324096918106079,0.7909420728683472,-0.01573258265852928,-0.12526413798332214,0.15699809789657593,-0.05041653662919998
-2.972561836242676,-0.14660745859146118,0.8783462047576904,0.4618895351886749,0.7815713882446289,-1.4494266510009766,0.22311608493328094,-0.2168814092874527,2.0298759937286377,-0.045287203043699265,1.3116517066955566,2.0628252029418945,-0.0065117343328893185,1.313023567199707,-0.285301148891449,-0.5014840960502625,-0.3229714632034302,-1.877699851989746,0.17948734760284424,0.9629403352737427,-0.012562485411763191,1.4866547584533691,1.1822322607040405,1.9907445907592773
-0.2924278676509857,-0.2087072730064392,1.2707555294036865,-0.43541210889816284,1.5299667119979858,-1.5359699726104736,-0.1213708147406578,-0.12222637236118317,0.23676122725009918,1.638295292854309,-0.9485308527946472,-0.19810792803764343,0.9076060652732849,-5.072947025299072,-0.010410837829113007,-0.40351420640945435,0.10324777662754059,0.13834679126739502,-3.171748161315918,-1.1687355041503906,0.0021356905344873667,-0.712242066860199,0.05228079482913017,-1.4323804378509521
-3.894430637359619,-0.3171057105064392,0.05357513204216957,-0.26584625244140625,-0.14043085277080536,0.08417569845914841,0.6900786757469177,-0.4998439848423004,1.6534255743026733,-1.0838799476623535,0.14763063192367554,-1.0799790620803833,-0.07812631130218506,0.8885282874107361,0.22267308831214905,0.38247624039649963,0.2701977789402008,1.5089837312698364,0.5486838817596436,-0.22678087651729584,-0.049583010375499725,0.23931923508644104,0.22696258127689362,-1.0774450302124023
-0.057587895542383194,0.25823283195495605,-1.3875476121902466,-0.19797688722610474,-0.8401086330413818,-0.8676105737686157,0.03276043012738228,-0.1396845430135727,0.4661937952041626,-2.1221508979797363,0.426116943359375,-1.1583203077316284,-0.12627486884593964,2.9325098991394043,1.4678140878677368,-1.764333724975586,0.06179983541369438,0.30269137024879456,-0.23473861813545227,-0.1366412490606308,-0.007248297333717346,-0.9373083710670471,1.3047665357589722,1.5843573808670044
1.5420397520065308,-0.06294265389442444,-0.2191566377878189,-0.7277889251708984,-0.2846716642379761,0.4451817572116852,0.10098080337047577,-0.012757562100887299,-1.6743507385253906,1.2314176559448242,-0.448847234249115,0.05737921968102455,1.3558900356292725,0.5748643279075623,0.8260018229484558,1.3656328916549683,-0.28732675313949585,1.80093252658844,2.2290921211242676,-0.40143364667892456,-8.009984594536945e-05,0.48477309942245483,0.08133955299854279,-2.1213138103485107
-4.129578590393066,0.16888593137264252,-0.2555544972419739,-0.015466260723769665,0.16303116083145142,1.3971425294876099,0.16532950103282928,-0.9485472440719604,5.967255592346191,-0.07903136312961578,0.24507345259189606,0.2319183349609375,-0.02556249499320984,0.019207119941711426,1.6623479127883911,0.5963048934936523,-0.32341858744621277,0.20534983277320862,0.6823371052742004,0.3678702116012573,0.017958877608180046,-0.18823614716529846,0.20245984196662903,0.4828648269176483
-0.4841731786727905,0.8122090101242065,1.1192632913589478,0.7347923517227173,2.7001426219940186,0.11860562115907669,-0.4387516379356384,0.5428410768508911,-0.395640105009079,2.805774211883545,-0.47634053230285645,0.5154995918273926,-0.7056249380111694,-1.4598239660263062,-0.6641489863395691,0.5963964462280273,0.2533651888370514,1.1063990592956543,-1.918038249015808,-0.3975401818752289,-0.035763297230005264,0.6828567385673523,-0.8469011187553406,0.5888805389404297
2.698629856109619,1.711656093597412,0.6829630136489868,-0.4698652923107147,1.4413918256759644,-0.03676537424325943,-1.0130842924118042,0.7952530384063721,-3.1407265663146973,0.5730140805244446,-1.1688586473464966,0.26117974519729614,0.7799187898635864,-2.2156777381896973,-0.9713380336761475,1.6959271430969238,-0.5978784561157227,2.325404167175293,-1.2226614952087402,-2.178732395172119,-0.42243966460227966,-1.372093915939331,0.271229088306427,-2.576805830001831
0.22336821258068085,-1.1888608932495117,1.0457987785339355,1.6033155918121338,2.81439208984375,0.17870335280895233,-0.12099612504243851,0.12545570731163025,-0.6394493579864502,-0.12678156793117523,-1.2303954362869263,2.286550998687744,-0.7337905168533325,2.615443706512451,-1.2564796209335327,-0.02405286580324173,-1.4754503965377808,-0.8918330669403076,-1.9516818523406982,1.2658896446228027,-0.009270290844142437,1.0038779973983765,-0.8524547219276428,-0.28373003005981445
-2.233138084411621,0.03592805564403534,1.5372475385665894,-2.7236483097076416,0.045299116522073746,0.9978237748146057,0.1056254580616951,-1.1703729629516602,3.2190592288970947,-1.7198094129562378,0.029952622950077057,-0.36751705408096313,0.6273602247238159,1.152445673942566,-0.2642875909805298,0.1819450408220291,0.5719655752182007,0.8918957114219666,0.9461128115653992,0.46390512585639954,-0.05478193983435631,-0.9760658144950867,-1.3830698728561401,0.2723856568336487
1.0523710250854492,0.2974986433982849,0.23772987723350525,-0.6836226582527161,0.9155836701393127,-0.666375458240509,0.7027410864830017,0.9386163353919983,-0.7357885837554932,1.4457951784133911,0.4873233437538147,-1.230384349822998,-1.5331156253814697,-1.33600914478302,0.9809620380401611,0.7244127988815308,-0.157039612531662,2.2453815937042236,-0.2578209936618805,-0.06262122094631195,0.015745015814900398,0.015299808233976364,0.5049692988395691,0.13372373580932617
-0.07543935626745224,-0.29631370306015015,0.7494893670082092,0.9072681069374084,-0.9051122665405273,-0.4677630066871643,0.5634190440177917,-0.16615600883960724,-0.037638191133737564,0.35552769899368286,-0.3164152204990387,-0.33505958318710327,0.4155495762825012,0.4004300832748413,0.23088736832141876,0.5738715529441833,0.9617552757263184,-0.6451902985572815,0.41183650493621826,-0.5031320452690125,0.02479410730302334,-0.212295800447464,-0.3448139429092407,-0.6517593860626221
-0.9750016331672668,0.2625347077846527,-0.035171784460544586,-0.4172026515007019,0.5055812001228333,0.015037224628031254,-0.3696942627429962,0.6644854545593262,2.5224545001983643,1.363558292388916,-0.15175025165081024,0.7564457058906555,0.6754618287086487,-0.17818666994571686,0.36018896102905273,0.2311771959066391,-0.40009960532188416,0.5830758810043335,-0.766913652420044,0.209786519408226,0.026587430387735367,0.09545192122459412,0.03202082961797714,-0.007227675057947636
-0.17320358753204346,-0.9791884422302246,0.2501150667667389,-0.31053122878074646,-0.3314846456050873,-0.529891848564148,0.7671375274658203,-0.5812904238700867,-0.11145322024822235,0.28855615854263306,-0.20157860219478607,-0.767576277256012,0.17069938778877258,0.7356004118919373,-2.7317254543304443,-0.48812660574913025,0.08244349807500839,-0.46540403366088867,0.3501570224761963,-0.3388139605522156,0.060216013342142105,-0.055192094296216965,-0.6695659756660461,0.07163966447114944
0.6066410541534424,0.389739066362381,-0.18097561597824097,-0.29620814323425293,0.19959543645381927,1.0522555112838745,0.5120413303375244,-0.3310137391090393,-0.7129059433937073,0.057644590735435486,-0.4438628852367401,-0.8310518860816956,-0.03286551684141159,-0.11561082303524017,-1.60912024974823,-0.3656298816204071,-0.3122394382953644,-0.3167756497859955,-0.3206270933151245,-0.08103027194738388,0.03893178701400757,1.1473348140716553,-0.062375932931900024,-0.6466057896614075
-0.002143169054761529,0.8504255414009094,-0.8768535256385803
-0.004550459329038858,-0.2557732164859772,-0.029756659641861916
0.003723582485690713,-0.2888224422931671,0.06186914071440697
-0.001722414162941277,-0.30964425206184387,0.04764490947127342
0.0038397707976400852,0.39224115014076233,-0.08795668929815292
0.0028595386538654566,-0.21090669929981232,0.022280652076005936
0.0017462668474763632,-0.31968292593955994,-0.018241994082927704
-0.0057594794780015945,-0.3434569835662842,0.03066124953329563
-0.0015442268922924995,0.5269871354103088,-0.8751708269119263
-0.0027078082785010338,0.24140624701976776,-0.0522867776453495
-0.008027705363929272,0.17202730476856232,-0.381099671125412
-0.007105763535946608,0.024575499817728996,-0.3287540674209595
7.898592230048962e-06,-0.3153342008590698,0.055107176303863525
-0.002013798337429762,-0.30500054359436035,0.032352324575185776
0.008905582129955292,0.24294069409370422,-0.039887215942144394
-0.00034636928467079997,0.2859911620616913,-0.07181263715028763
0.002959480509161949,0.20451824367046356,-0.05756426975131035
0.0037413546815514565,-0.25708144903182983,0.040625572204589844
0.001883430522866547,-0.09970277547836304,0.02623165212571621
-0.004886482376605272,0.22943320870399475,0.26175057888031006
-0.38498884439468384,-0.042360879480838776,0.030353985726833344
0.0015066165942698717,-0.14702507853507996,0.32824984192848206
-0.0002948488690890372,-0.31745919585227966,0.07688356935977936
0.0004013301513623446,-0.2405284196138382,0.029121022671461105
0.014507908374071121,-0.06039075925946236,0.005964893847703934
