ETS2AI,v1,13,3,24,24
1.8154641389846802,-1.7061271667480469,-0.9243937730789185,-1.6058801412582397,0.5606434345245361,1.4366557598114014,1.1687836647033691,1.748706340789795,-0.23842471837997437,2.5596189498901367,0.36291229724884033,-2.061486005783081,1.5923458337783813,0.22709178924560547,-0.2023266702890396,3.261643409729004,0.4986182153224945,-2.969592571258545,-0.242153137922287,1.251436471939087,0.21658438444137573,-2.3034844398498535,-0.5855264663696289,2.7017340660095215
-1.0298904180526733,-2.7032785415649414,-0.5476106405258179,0.026731299236416817,0.17085933685302734,2.3087193965911865,3.8055834770202637,-6.851534843444824,0.38504260778427124,-0.6217285394668579,-2.103217601776123,0.5139586925506592,-0.41135379672050476,-3.8769731521606445,-0.7295955419540405,0.012166040949523449,-2.575730562210083,-2.595155954360962,2.655439853668213,1.635917067527771,-1.9121923446655273,5.039239883422852,0.30390486121177673,0.8774004578590393
-0.19522809982299805,-0.5147925615310669,0.0810859352350235,0.6515852212905884,1.249314546585083,-0.25262948870658875,1.5146080255508423,5.717433929443359,-0.9328409433364868,-0.28734034299850464,-1.307788372039795,-0.2985212206840515,-1.7008038759231567,-7.979716777801514,0.1770559549331665,-2.3332512378692627,-6.294807826634496e-05,-1.5975838899612427,1.7724988460540771,3.5026674270629883,0.7715287804603577,10.998322486877441,0.7498998045921326,1.4428433179855347
-10.905617713928223,13.418362617492676,0.1323832869529724,0.30798575282096863,0.4393431842327118,-0.182451531291008,5.603331565856934,-2.6242892742156982,-7.772043704986572,-10.797184944152832,1.790755033493042,-8.150981903076172,-1.3446300029754639,-5.580508232116699,9.668008804321289,-2.345720052719116,13.542634963989258,1.1525673866271973,-11.018043518066406,-5.204955577850342,-6.191783905029297,-3.32903790473938,-0.7754640579223633,0.07811766862869263
-2.479194164276123,1.7956629991531372,0.2511122524738312,-0.2818605601787567,1.261703372001648,-0.09854748845100403,3.853085517883301,-0.17642615735530853,-2.7318155765533447,-1.545786738395691,-3.669727325439453,-0.47038206458091736,1.499214768409729,0.4267779588699341,2.436267614364624,-1.7320407629013062,-1.0950279235839844,-0.9035205841064453,1.4737404584884644,1.8593900203704834,0.699540376663208,1.1588808298110962,1.6492276191711426,-0.031063277274370193
-1.550533652305603,-2.7211978435516357,0.35630515217781067,0.14818358421325684,3.4095492362976074,0.7189095616340637,3.76971697807312,-1.453871488571167,-2.4617276191711426,-1.430112600326538,-4.874484062194824,-0.3218987286090851,3.2267403602600098,0.8168250918388367,0.9090614914894104,0.4500802457332611,1.6018624305725098,-0.7668733596801758,4.037539005279541,2.4629056453704834,-2.045771837234497,1.7439261674880981,2.0765862464904785,-0.010512071661651134
-5.0532379150390625,-4.067676544189453,-0.3482919931411743,-0.09583069384098053,0.40802085399627686,0.6231295466423035,8.993963241577148,0.5553328394889832,3.5121452808380127,-0.8062421083450317,-0.2035168558359146,0.13064157962799072,5.188557147979736,0.0939473956823349,-2.3216254711151123,-1.927972674369812,1.8022940158843994,-0.14126071333885193,5.925502777099609,0.7931219339370728,-9.826029777526855,-2.234874725341797,1.2197461128234863,0.7420628070831299
-1.7636011838912964,-3.351472854614258,-0.2392137497663498,-0.3549250066280365,-0.48744437098503113,0.5503886938095093,-7.424165725708008,0.7897889018058777,-2.281672239303589,-0.5104047656059265,0.12615621089935303,-0.18985585868358612,1.6970547437667847,0.2479538917541504,-1.2082244157791138,-0.6725885272026062,9.14237117767334,-0.45209577679634094,1.0227737426757812,-0.6748442053794861,0.41548624634742737,1.381730318069458,0.11825142800807953,-0.6537488698959351
-0.4482240378856659,0.9181285500526428,-0.11736467480659485,-0.07321590930223465,0.017592623829841614,-0.48527711629867554,-1.0074721574783325,-0.2503119707107544,-0.019655654206871986,-0.7276985049247742,-0.3464964032173157,0.9792608618736267,-0.5970309972763062,-0.46220821142196655,-0.14917421340942383,-0.7046740055084229,-0.6435505747795105,0.4327966868877411,0.3232647776603699,-0.31880900263786316,-0.3725460469722748,0.4987362325191498,0.5580762624740601,-0.37315282225608826
-1.0827980041503906,0.849956750869751,0.606013298034668,0.31800270080566406,-0.1872861683368683,-0.6456208825111389,-0.7342327237129211,-0.5352449417114258,-0.46217280626296997,-0.8670657277107239,-0.4011802077293396,0.7641848921775818,-1.0996702909469604,-0.17388397455215454,-0.3662007451057434,-1.0041009187698364,-0.3543001413345337,0.8956531882286072,0.0832311362028122,-0.7639097571372986,-0.7101454734802246,0.1664619743824005,-0.032966963946819305,-0.34161868691444397
2.7110683917999268,4.115400314331055,0.3742222785949707,0.3242311477661133,-0.9165334701538086,-1.4119850397109985,6.784519195556641,2.190216302871704,1.6825404167175293,0.9015169739723206,-1.794843316078186,0.6503997445106506,-4.253850936889648,-2.356079578399658,-0.3032245934009552,5.239553928375244,-5.2442426681518555,3.4725875854492188,-1.1081863641738892,-3.6087167263031006,0.20075130462646484,1.8589359521865845,1.0380492210388184,-0.8880734443664551
0.06549926847219467,-0.032678574323654175,33.805824279785156,-36.64358901977539,-11.039068222045898,0.33412429690361023,0.24788381159305573,0.005010953173041344,0.1820974498987198,0.07533279061317444,-0.14121900498867035,-0.07563916593790054,0.02420235238969326,-0.1099453791975975,-0.1493162214756012,0.2043924629688263,-0.23271310329437256,-0.1032685935497284,-0.1326880306005478,0.036930132657289505,-0.06923370808362961,-0.004071880131959915,0.08451420813798904,-0.18367493152618408
-0.1152801513671875,-0.27155449986457825,-0.2849358320236206,0.4301237463951111,0.44923797249794006,0.7636260390281677,-0.06893501430749893,-0.14058361947536469,-0.249614879488945,-6.200705528259277,-0.31866255402565,0.3453064262866974,-0.17253512144088745,0.26750439405441284,0.562369167804718,-31.589519500732422,-0.0563364140689373,0.3603297173976898,0.04102852940559387,0.12955595552921295,-0.06929329037666321,0.05679449439048767,-0.9034343361854553,-0.09509822726249695
-0.7077202200889587,1.220281958580017,0.28507062792778015,0.1897430419921875,-0.09308874607086182,-0.38835689425468445,-0.6172646880149841,-0.5302281975746155,-0.05499532073736191,-0.5753011107444763,-0.32201412320137024,0.7340624332427979,-0.7489235401153564,-0.02820960246026516,-0.17675387859344482,-0.487032413482666,-0.5991379022598267,0.5939702391624451,0.1343304067850113,-0.3029012680053711,-0.4072309732437134,0.6605026125907898,0.20808552205562592,-0.5755032300949097
-0.44217443466186523,1.0130163431167603,-1.1172888278961182,0.06272680312395096,-1.6181087493896484,0.4633081257343292,0.46573978662490845,0.43579909205436707,-0.6378353834152222,-1.3162187337875366,0.2839931845664978,0.09979432076215744,-0.317151814699173,1.1382875442504883,-1.8600573539733887,0.43178415298461914,3.461258888244629,0.41949525475502014,-1.0869356393814087,0.3593577444553375,-0.36064353585243225,0.3232995569705963,0.7876351475715637,0.8452563881874084
0.6607442498207092,-1.1865988969802856,-0.6250120997428894,-0.322496622800827,0.5601973533630371,-0.536716103553772,-0.5692230463027954,-1.5182812213897705,0.02759287692606449,-2.3495073318481445,-1.3920974731445312,0.6455285549163818,3.417656421661377,1.366024374961853,0.04072435200214386,0.08592233806848526,-0.7140069603919983,-1.028640866279602,1.0195634365081787,-0.06619200855493546,-0.02351071685552597,-1.6659729480743408,-0.2678425908088684,-0.6680198311805725
0.23859365284442902,-1.418440580368042,0.1865157037973404,-0.06620679795742035,0.22174072265625,2.2012593746185303,0.06253095716238022,0.6897144913673401,-0.03376442939043045,26.472864151000977,-0.2825411260128021,0.031569529324769974,-0.29468411207199097,-0.04513028636574745,-0.16749468445777893,0.666085958480835,0.21599122881889343,0.24186590313911438,0.1818036139011383,0.04103785380721092,0.13921837508678436,0.37858423590660095,0.6759570240974426,-0.22258919477462769
0.9284282326698303,-0.1127089262008667,-0.4189613461494446,-0.24817334115505219,-0.02110009640455246,4.058018207550049,-0.6512999534606934,0.6516249775886536,-1.629176139831543,-10.682700157165527,-0.5051290392875671,0.3667171001434326,1.587655782699585,1.3392541408538818,-0.04795501381158829,0.5124379396438599,-0.8687654137611389,0.12702502310276031,0.671236515045166,-0.4900936484336853,-0.35291409492492676,-0.25782522559165955,-0.5700778365135193,-0.16413003206253052
0.12358330935239792,-0.020978987216949463,0.14428463578224182,0.011724099516868591,0.1179414689540863,0.3649047017097473,0.15915261209011078,0.11137084662914276,-0.07083137333393097,-6.960872650146484,0.007016982417553663,-0.05510254576802254,-0.49208664894104004,-0.08612288534641266,0.0009709084988571703,0.08124769479036331,0.12112803757190704,0.05956309288740158,0.1072617620229721,0.18075008690357208,-0.15463916957378387,0.37547779083251953,0.18669600784778595,0.07160604000091553
0.7602270245552063,0.6662454605102539,-0.23782089352607727,-0.1190391257405281,0.01315171830356121,-2.2777795791625977,0.724492609500885,1.0945930480957031,0.17322568595409393,2.657142400741577,-0.1586432307958603,-1.0015532970428467,-1.5298131704330444,0.6508252620697021,0.09813310205936432,-0.4915723204612732,0.6286851763725281,1.3661479949951172,0.38561582565307617,0.35426780581474304,0.49936211109161377,1.1334673166275024,0.9755597710609436,0.07927065342664719
-0.20263531804084778,-0.5162883400917053,-2.2048795223236084,0.06796322017908096,0.23823122680187225,-1.8643875122070312,-0.01678057760000229,-0.5799552202224731,-0.7033488154411316,0.3960098326206207,-1.2277332544326782,0.17643380165100098,-0.5625777840614319,3.394767999649048,-0.9746667146682739,-0.29386526346206665,2.283977508544922,1.3561103343963623,-0.2691219449043274,-0.23068395256996155,-0.9768267869949341,0.8960800766944885,0.27366796135902405,-0.9776108264923096
-0.4416644275188446,0.26295021176338196,-0.08003285527229309,-0.1611471176147461,-0.1083431988954544,-1.1069645881652832,-1.0381462574005127,-0.20476359128952026,0.6157817840576172,-0.08622661978006363,0.023935135453939438,-0.06590673327445984,-0.5722271800041199,0.696670413017273,1.0820837020874023,-0.5283499360084534,0.4195745587348938,0.6084665656089783,-0.5985888242721558,-1.5678327083587646,0.5976607799530029,0.9126113653182983,-0.5609881281852722,-0.4605255722999573
0.28932857513427734,1.0648906230926514,-1.0757399797439575,0.6060715317726135,-0.2685840427875519,-0.1167931854724884,0.9079126119613647,-0.5444905757904053,1.6456491947174072,0.25082916021347046,-0.28102168440818787,-0.7024985551834106,0.7067115306854248,2.312793254852295,0.4126434922218323,-0.18678805232048035,-0.07587961107492447,2.0034685134887695,-1.2272894382476807,-0.34435606002807617,-0.3526931405067444,0.7077910900115967,-1.412102222442627,0.39082005620002747
1.721139669418335,-0.09609927237033844,-0.17790400981903076,-0.3719920814037323,-0.3565349280834198,1.1154708862304688,0.32874971628189087,0.1562211662530899,1.0317509174346924,2.8108832836151123,0.04251809045672417,-0.43220818042755127,-0.7138668298721313,-0.11904889345169067,0.2005411684513092,-0.7852427959442139,-0.27830544114112854,-0.291675329208374,6.112550258636475,0.8090846538543701,-0.5372574329376221,-0.3420414626598358,1.0759305953979492,-0.266510009765625
0.13828912377357483,1.440393328666687,-0.32010599970817566,-0.010482502169907093,-0.26593348383903503,0.7213101387023926,0.4219270348548889,0.22498135268688202,0.9289588332176208,-0.5648642778396606,-0.7346302270889282,-1.2727928161621094,0.15497401356697083,-0.32086819410324097,-0.4878150224685669,0.021917980164289474,0.26716265082359314,2.8339390754699707,-0.1711960732936859,-0.8063114881515503,0.3246234655380249,1.5865718126296997,1.539803385734558,-0.5889894962310791
-3.8463826179504395,-0.559816837310791,-0.4627177119255066,-0.5357260704040527,3.08764910697937,1.212516188621521,-0.3245691657066345,-0.1984737664461136,-1.798390507698059,2.5863969326019287,-0.330166757106781,-0.21846649050712585,2.0024502277374268,1.116902232170105,1.486968994140625,1.2802611589431763,-1.9627125263214111,1.4722096920013428,-3.479854106903076,-0.9135181903839111,1.112856149673462,-0.2783331573009491,-0.6629863381385803,0.11427551507949829
0.6992308497428894,0.17545415461063385,0.7832179069519043,0.33474740386009216,0.26763680577278137,0.9627291560173035,1.9279277324676514,-0.21208858489990234,-1.2381799221038818,2.7814581394195557,0.820928692817688,-0.3867233991622925,-2.5547215938568115,-0.7935024499893188,-0.5794069170951843,0.12488161027431488,-0.4711972177028656,0.40940436720848083,0.8963806629180908,0.7726742625236511,-1.0423452854156494,3.154585361480713,-0.48117464780807495,-0.7753827571868896
-0.38751086592674255,1.3532986640930176,-0.37949422001838684,-1.5514118671417236,0.41336971521377563,-3.8217291831970215,-0.10165246576070786,0.32411128282546997,1.612121343612671,-1.6200892925262451,-0.4259553551673889,-0.06792884320020676,0.34731945395469666,2.7011401653289795,0.33642318844795227,-1.588865876197815,-0.40624290704727173,1.7016664743423462,-0.4472161829471588,0.24085848033428192,-0.2574189603328705,-0.5423138737678528,0.10578744113445282,0.5191965103149414
1.9837536811828613,2.01603627204895,-0.13468950986862183,0.3789031207561493,-0.6086293458938599,-0.9173702001571655,0.44559210538864136,-0.34339776635169983,-0.24345673620700836,-0.3330255150794983,-0.22037333250045776,-0.6249822974205017,-0.13662342727184296,-0.45774707198143005,-1.171008586883545,0.7996295690536499,0.9909366369247437,-1.4624192714691162,1.957432508468628,-1.0676649808883667,0.33644071221351624,0.6784132122993469,0.5010555982589722,-0.23158979415893555
-0.6776377558708191,-0.7677665948867798,-0.19602443277835846,0.42599964141845703,-0.7741540670394897,1.1937118768692017,0.3905355930328369,-1.6675764322280884,0.5934551954269409,-0.4902425706386566,-0.10014121234416962,1.337058663368225,1.0870922803878784,-0.23593845963478088,0.09662337601184845,0.5447101593017578,-0.8906357288360596,-0.3865831792354584,-1.0299513339996338,0.1408441960811615,2.24765944480896,-0.7750933170318604,-0.37404865026474,1.409524917602539
0.02210794761776924,-0.6538543701171875,-1.4875305891036987,0.12619996070861816,-0.7062486410140991,-0.2885681986808777,-0.22689901292324066,-0.7925786972045898,-0.2952677607536316,0.2670244872570038,-0.4940563142299652,0.019535185769200325,-0.7757349610328674,2.3561739921569824,-0.304257869720459,0.028069665655493736,1.9536323547363281,4.373409748077393,-0.03295935317873955,-0.5617313981056213,0.29707857966423035,0.7163633704185486,-0.8584043979644775,-0.6547755599021912
0.35065269470214844,-0.8784418106079102,1.9489789009094238,-0.6061423420906067,0.27425670623779297,0.9817262887954712,-1.4507012367248535,0.5772300958633423,-2.3516509532928467,1.8933792114257812,0.08727984875440598,0.38390812277793884,1.9769940376281738,-2.904778003692627,1.8809428215026855,-1.0032525062561035,-1.6861492395401,-2.8889665603637695,0.32973238825798035,-0.47657310962677,-0.5758360624313354,-0.7467125654220581,-0.7707937359809875,-0.005681321024894714
0.40331414341926575,0.2107861489057541,-0.8201606273651123,-0.3640053868293762,0.5507277250289917,-0.048858508467674255,-0.014826809987425804,1.4432766437530518,1.2926515340805054,-1.8703309297561646,-0.21242044866085052,0.12942102551460266,1.597305178642273,2.914828062057495,0.09831259399652481,0.7890571355819702,-2.530017375946045,1.1036392450332642,0.272975355386734,1.0646569728851318,0.9500372409820557,-2.690718412399292,0.15332330763339996,2.034060001373291
-0.3647800385951996,2.644479274749756,0.8016791343688965,0.25505757331848145,1.7974451780319214,2.177570343017578,-0.45194974541664124,-0.47588732838630676,1.3644438982009888,0.7537273168563843,0.7355436682701111,-0.8200337886810303,1.373422622680664,2.045159101486206,0.25662168860435486,-0.7373893857002258,-1.4013655185699463,3.464829921722412,0.09422321617603302,0.1489192098379135,-1.7613877058029175,1.179121971130371,-0.70789635181427,0.3287189304828644
-0.67856365442276,1.1729682683944702,-0.9270778894424438,-0.08749280124902725,-0.5639854073524475,0.2622351050376892,-0.7071765661239624,-0.5615211129188538,1.7065666913986206,-0.21788588166236877,0.23775902390480042,-0.6431096792221069,-0.02733389101922512,0.2717200815677643,-1.2362912893295288,-0.2201737016439438,0.4374098777770996,2.1808876991271973,-1.093977451324463,-1.634136438369751,0.9409359693527222,1.997633695602417,-0.8919721841812134,-0.33154723048210144
0.024803942069411278,-0.15779508650302887,-0.5136358141899109,1.0957132577896118,0.013780123554170132,-3.50496506690979,1.8514478206634521,0.6107134222984314,0.6929363012313843,0.0906243845820427,-0.7124911546707153,-0.24230287969112396,0.28130847215652466,1.253612995147705,-0.7486369609832764,0.9472180008888245,0.1463969200849533,-0.12259815633296967,-0.17804163694381714,1.9364755153656006,2.0059425830841064,-1.3207608461380005,-0.20129388570785522,-0.21916918456554413
0.19927623867988586,-0.005934892687946558,0.5353971123695374,-0.5103512406349182,1.2237614393234253,1.0621767044067383,-0.018649037927389145,0.29109033942222595,0.8413790464401245,0.037804897874593735,-0.22718143463134766,-1.0092917680740356,0.7279748320579529,0.5051603317260742,1.559415340423584,-0.21746499836444855,-0.7632673978805542,0.10537458956241608,0.04011306166648865,-0.44924867153167725,0.4838191270828247,0.03590668737888336,-0.14603672921657562,1.0151516199111938
0.41130828857421875,0.9563180804252625,0.10518074780702591,0.5053950548171997,-1.772465705871582,-2.64623761177063,1.4768376350402832,1.9575554132461548,0.06101427599787712,1.3807295560836792,0.2076292484998703,-0.6528472304344177,-0.4550990164279938,0.07698407024145126,-0.5803552269935608,-0.5688703656196594,0.6188308000564575,0.908902108669281,0.09562810510396957,0.7293745875358582,0.43717679381370544,1.0698399543762207,-0.4150979220867157,0.15901929140090942
-1.4747129678726196,0.30655550956726074,0.5424720048904419,0.39568081498146057,-0.42086148262023926,-1.9568628072738647,1.2038359642028809,0.18334080278873444,-0.5939198732376099,0.44543054699897766,-0.2744765877723694,-0.3577689528465271,1.1161789894104004,-0.3981507122516632,0.07331666350364685,-0.9006064534187317,-0.17744170129299164,-0.49489057064056396,-0.3426181972026825,-0.03542742505669594,0.4862048327922821,2.4345619678497314,0.16191773116588593,0.7166146636009216
0.021616380661725998,0.5040948390960693,-0.7924914360046387
-0.00030983047327026725,0.035017140209674835,-0.10364668071269989
0.0147628802806139,-0.4706527292728424,0.13619063794612885
-0.06904369592666626,-0.13807828724384308,-0.06311582028865814
-0.00524528743699193,0.33643510937690735,-0.13308461010456085
-0.00686893705278635,-0.019316930323839188,0.2777923345565796
0.025963958352804184,-0.410739004611969,-0.03183050453662872
-0.02609175443649292,-0.2839594781398773,0.03237775340676308
0.005257235839962959,0.08775278180837631,-0.18268753588199615
0.008850373327732086,0.5416139364242554,-0.1825597733259201
0.0022471649572253227,0.3214679956436157,-0.08525378257036209
0.03408639878034592,-0.2746587097644806,-0.27679070830345154
-0.0001967552670976147,-0.2350131869316101,0.07896052300930023
-0.0010787543142214417,-0.22849275171756744,0.08129534125328064
-0.007233830634504557,0.29769977927207947,-0.07580943405628204
-0.011377885937690735,0.3456295430660248,0.031918056309223175
0.0013065823586657643,0.28096917271614075,-0.09946348518133163
0.00584960263222456,-0.3224397897720337,0.060613829642534256
-0.019070986658334732,-0.8785631060600281,0.8265547752380371
-0.008649248629808426,0.32216355204582214,-0.007693132385611534
-0.009894520044326782,-0.2528226673603058,0.01835443452000618
-0.0020817131735384464,-0.28862464427948,0.13769443333148956
-0.007676601409912109,-0.14774908125400543,0.008684804663062096
-0.022331153973937035,-0.268288791179657,0.013600515201687813
0.01495759654790163,-0.13484913110733032,0.49951446056365967
